0 0 0 0 0 0 0 0 0 0 0 0 0 0 0 0 0 0 0 0 0 0 0 0 0 0 0 0 0 0 0 0 0 0 0 0 0 0 0 0 0 0 0 0 0 0 0 0 0 0 0 0 0 0 0 0 0 0 0 0 0 0 0 0 0 0 0 0 0 0 0 0 0 0 0 0 0 0 0 0 0 0 0 0 0 0 0 0 0 0 0 0 0 0 0 0 0 0 0 0 0 0 0 0 0 0 0 0 0 0 0 0 0 0 0 0
0 0 1.62 2.37 3.37 1.34 -0.16 0.4 -0.91 0.29 0.29 -0.78 1.14 1.18 1.98 -1.17 -1.21 0.94 -0.27 -0.13 -0.12 1.44 0 1.37 -0.14 -0.74 1.07 -0.56 0.28 0.56 0.86 0.53 1.48 1.17 -0.23 0.85 -0.48 -0.49 1.82 3.29 0.56 -1.34 2.39 1.27 -1.14 0.89 1.15 -2.03 2.17 0.7 2.48 -1.17 1.26 0.19 0.43 2.35 -0.74 0 0.77 1.55 3.04 0.82 -0.27 0.25 -1.18 0.84 2.58 3.6 0 0.2 1.54 -0.55 -0.06 -1.82 0.7 -0.44 0.85 -0.03 1.48 1.5 2.53 -0.15 -1.36 -2.74 -1.11 -1.01 1.42 0.62 -0.55 -0.46 -0.43 -0.14 0.78 0 0.01 -1.09 1.34 1.5 0.79 0.8 0.34 0.41 0 2.57 0.36 -0.89 -0.92 0.36 0.4 1.19 0.93 0.25 1.23 0.6 -0.59 0.14
-0.87 -2.29 0 1.13 -0.26 0.04 0.64 1.15 0.19 0.56 0.6 1.3 0.44 0.28 -0.5 -1.12 0.41 0.46 1.95 -1.13 1.14 -0.81 0 0.56 0.43 -0.66 -0.93 -0.06 1.33 -0.94 -2.41 -2.1 -0.9 0.48 -1.41 -0.74 0.55 2.28 -1.7 1.63 -0.67 0.2 0.09 -0.93 1.53 1.18 -0.18 2.51 0.06 0.07 -0.87 0.99 0.34 -0.63 -2.69 2.06 -0.8 0 1.69 0.2 0 -1.78 0.87 1.28 -0.25 0.01 -0.08 -0.41 0 1.57 -1.14 -2.17 -0.67 0.2 -1.31 1 0.56 -0.23 0.2 -1.35 1.56 0.79 0 -1.78 1.06 -0.07 1.51 0.63 -3.54 0.2 1.6 -0.31 1.14 0.06 1.89 -2.08 0.73 0.35 0.49 -0.09 2.2 1.39 0 -1.56 0.32 0.47 -1.52 2.56 0.8 -1.52 -0.78 -0.31 -0.63 0.11 -1.98 -3.32
5.09 -2.41 -1.27 0 3.65 2.83 -2 1.84 1.23 1.51 -1.3 0.91 1.48 -2.78 0.99 -0.09 0.03 1.05 2.87 0.05 -1.14 -0.67 0 -3.24 -1.88 -1.32 -0.21 -1.15 0.24 1.16 -0.84 -0.46 1.28 0.37 0.11 -0.55 -1.36 -3.41 0.73 1.32 -1.38 1.49 -0.39 -1.27 -1.02 0.24 -0.43 -0.51 0.86 0.04 2.31 0.34 3.14 0.12 -0.34 -0.7 0.12 0 -1.29 1.17 0 -3.39 0.4 0.53 -0.54 -2.43 2.82 -0.03 0 -0.49 0.66 0.42 0.75 -0.01 -0.5 0.39 -0.79 0.25 0.75 -0.85 1.42 -0.54 -0.48 0.16 1.06 -0.81 -0.15 -0.91 1.77 0.7 1.05 -0.37 -0.06 1.22 0.93 -1.04 -1.15 0.88 -0.09 -0.45 -0.59 0.34 0 -2.17 0.77 -0.26 -0.73 -1.05 1.48 -1.58 1.08 0.26 -1.72 -0.88 0.11 0.81
-2.21 -4.39 0.15 -3.61 0 -1.27 1.21 1.39 -0.04 0.84 2.82 -1.05 -1.84 -0.5 1.14 -0.86 -0.52 -0.2 2.15 -3.48 0.28 -2.18 0 -0.36 -0.45 -0.72 0.37 -0.16 1.93 -0.68 -0.12 -2.32 0.34 0.43 -1.21 -0.8 -0.83 1.68 0.44 0.94 -1.57 -1.17 -0.9 0.39 3.44 -1.38 -3.04 -2.26 -0.14 1.09 2.04 -0.32 -0.16 0.33 -5.01 3.55 -1.36 0 -2.32 -0.09 0 -2.54 1.24 -0.01 -1.03 -1.36 -0.93 1.95 0 3.32 -1.41 -3.01 -0.44 -1.5 -3.32 0.19 -1.17 0.95 0.57 -0.83 1.66 0 0.64 -1.1 -0.27 2.86 -3.6 -1.18 -4.55 1.3 -1.76 0.88 -1.43 1.75 2.96 -1.62 0.59 -1.67 1.72 -0.86 2.33 -0.04 0 -3.31 -0.25 0.06 -2.43 -1.02 -0.36 -1.9 -1.08 0.8 -1.29 -0.39 -6.01 -5.17
1.35 -0.95 0.88 -2.71 2.06 0 1.97 0.91 0.61 1.54 0.52 -0.2 1.48 2.35 3.04 1.85 1.02 2.54 0.91 -0.48 0.09 0.02 0 -0.01 -0.31 -1.37 0.07 0.14 1.11 -1.49 -0.64 -0.12 1.31 0.49 -0.49 0.17 0.4 -0.78 -1.32 2.96 0.49 -0.16 0 -0.05 -0.41 1.9 -0.58 -1.48 0.35 -0.35 2.69 1.28 1.8 0.38 -0.3 3.08 -2.03 0 0.6 3.78 0 -1.26 0.84 -0.03 0.15 -0.59 0.83 -2.3 0 1.47 3.17 -1.27 0.16 -0.58 -0.39 0.48 0.48 -1.06 -0.22 0.15 0.52 -0.96 -1.23 -3.16 -0.26 -1.16 -0.95 -1.28 0.38 0.81 0.83 -0.99 -0.56 -0.94 1.93 -0.03 1.19 0.09 1.15 0.73 0.61 0.87 0 -1.18 -1.12 -0.57 -2.18 -0.49 1.19 0.35 0.46 -0.7 1.59 -1.11 -1.64 -1.19
-1.56 -0.42 -0.46 1.83 -1.26 -1.66 0 -0.87 1.14 -3.27 -0.93 -1.14 -1.38 0.14 -4.22 -0.51 -2.26 -2.19 -2.33 1.53 -0.37 0.99 0 -1.95 0.99 1.63 1.81 -0.01 -1.68 -0.28 0.21 -0.2 0.3 -0.44 -0.57 -1.59 1.65 -1.26 0.47 -1.64 1.55 -0.15 -0.02 1.04 -0.39 1.18 0.77 0.51 0.58 -0.09 -0.8 -0.14 -4.35 0.65 0.2 -0.89 -1 0 0.33 -1.8 0 1.52 -1.21 -1.13 0.54 0 -0.89 3.29 0 -2.25 -2.73 1.69 0.13 0.32 0.12 0.61 0.28 -1.96 -0.71 -0.14 -0.48 0.12 -0.62 1.72 0.44 -0.77 0.2 -0.46 0.79 -0.64 -0.66 0.22 -0.51 -2.64 -2.32 0.29 3.16 -0.72 0.71 -0.67 -2.23 -0.87 0 0.21 -1.3 -0.69 1.9 0.07 -3.32 0.51 -2.11 -1.51 -1.93 1.43 0.38 1.83
0.02 -0.15 -0.82 -1.79 -1.47 -0.88 0.94 0 0.11 0.2 0.11 -0.87 -0.28 0.12 0.17 0.04 3.1 -1.03 -1.25 0.6 -0.52 0.54 0 -0.82 1.41 -0.83 0.55 0 0.48 -0.28 0.76 0.2 -0.2 -1.03 0.38 -0.56 0.64 0.42 -0.01 -3.24 0 -0.35 -1.35 0.95 -1.11 0.47 -1.07 -0.25 -0.09 -0.6 0.38 0.57 0.54 0.77 0.4 1.57 -0.76 0 -0.62 1.78 0 0.16 0.23 -0.2 0.04 -1 -1.08 0.08 0 -1.04 2.94 -0.99 0.74 0.93 -0.33 -0.18 1.23 -0.05 -0.13 0.91 0.28 -0.9 0.56 0.58 -0.6 0.15 0.1 -0.08 -0.25 1.09 -0.62 0.39 -2.75 -0.22 1.46 1.98 -0.74 -1.57 0.43 -0.22 -1.01 0.63 0 0.99 -0.42 -0.14 0.14 0.01 0.12 0.91 -0.54 -1.28 -0.84 0.34 0.27 0.25
0.24 1.49 0.45 -1.08 0.29 -0.63 -1.14 -0.09 0 0.35 -0.13 0.06 0.29 -0.39 -2.53 -0.17 -0.54 -1.7 -0.06 -1.41 -0.38 -0.99 0 -0.88 0.77 0.04 0.57 0.88 1.4 -0.69 -0.28 -0.26 0.88 0.09 0.33 1.53 -0.18 2.72 -0.36 -2.28 -0.05 1.83 -1.6 -0.21 -0.44 0.67 0.79 1.53 -0.09 -0.18 -0.95 0.75 0 -0.62 0.8 -1.93 -0.16 0 -0.39 0.94 0 0.16 -0.66 -0.54 0.13 0.91 1.13 0.08 0 -1.33 0.08 -0.3 0.84 -1.31 -0.77 1.04 -0.16 0.89 -0.8 -1.26 -0.71 0.14 -0.35 0.63 -0.62 -0.84 1.29 1.38 -0.15 -0.05 0.69 -0.18 -2.38 -4.42 -0.46 1.05 -0.6 -1.82 -0.94 -1.28 -1.41 -0.89 0 1.34 -1.35 -0.01 1.3 2.57 -0.32 -0.55 2.11 -0.08 -2.21 0.83 -0.61 0.63
1.01 0.1 -0.67 -1.62 -1.57 -1.68 3.19 -0.33 -0.39 0 0.05 -0.4 0.3 2.46 -0.31 1.66 1.23 -1.42 -0.47 -0.01 -0.61 1.96 0 0.49 0.13 -0.2 0.3 0.85 0.92 -1.02 1.98 0.55 0.81 -0.14 0.36 -0.37 2.35 -0.19 -0.11 -1.11 1.69 -1 -0.55 2.32 -0.61 1.36 2.41 -1.4 1.02 -0.99 -1.83 0.36 -0.38 0.92 1.07 0.66 -1.25 0 -0.51 2.6 0 0.88 -0.08 -1.17 -0.44 -0.17 0.05 -1.26 0 1 1.83 -0.01 -0.71 -0.88 -0.1 0.57 0.32 0.29 -0.18 1.33 -1.52 -0.24 -1.11 -0.93 -0.77 -0.67 -0.66 1.63 1.39 -0.55 0.06 0.76 -2.19 -1.84 1.76 1.99 2.41 -0.79 0.16 0.1 0.22 0.18 0 1.33 -0.92 0 0.26 0.68 -1.37 1.67 -0.33 -0.14 0.68 1.18 -2.62 0.39
0.89 -0.68 -0.5 1.23 -3.27 -0.22 0.93 -0.01 0.29 -0.23 0 -1.92 1.21 -0.02 1.05 0.09 0.74 0 -2.19 1.19 0.48 -0.46 0 0.2 -1.2 -0.29 0.08 1.14 -1.59 -1.77 0.16 -0.12 1.25 0.96 -0.12 -0.92 -0.14 0.46 -1.3 1.39 0.11 0.22 0.88 -0.64 1.77 0.64 -0.48 1.26 0.26 0.96 0.33 -0.23 -2.13 0.1 0.36 1.5 -0.91 0 0.89 0.66 0 0.89 -1.29 -0.11 1.24 -1.39 0.14 -0.2 0 0.37 -0.03 -1.24 0.41 0.69 -1.03 -0.08 -1.31 -2.66 -0.11 -0.93 0.08 1.11 0.95 -0.66 0.03 -0.05 -1.28 -0.23 0.69 -0.77 1.7 -0.24 1.68 -0.81 -0.34 -0.83 -0.04 1.21 1.01 0.04 0.71 0.18 0 -1.62 -1.24 0.36 -0.06 -0.29 0.38 -0.38 -2.45 0.11 1.35 0.46 2.77 0.14
0.25 -0.33 -1.3 -0.9 1.04 0.91 1.26 1.13 0.46 0.15 1.86 0 0.61 0.37 -0.61 0.23 2.34 0.24 -1.84 0.18 0.66 -0.27 0 -0.8 -1.29 -0.82 -0.61 -0.18 -1.27 0.12 0.62 -1.12 0.52 0.8 0.32 1.07 -0.35 3.49 -2.35 1.7 -0.95 -0.74 -0.49 -0.03 0.44 0.72 -1.21 0.07 -0.06 0.61 -0.71 0.14 -0.57 1.25 -1.46 3.32 -1.95 0 0.03 3.27 0 -0.71 -0.28 -0.46 -0.23 -0.96 1.08 -1.01 0 0.89 3.1 -0.71 2.02 0.15 -0.32 1.61 1.54 -2.56 0.69 -0.67 0.33 -1.51 0.32 -1.69 0.47 0.44 -0.13 -0.25 -2.56 0 2.63 0.05 1.29 -1.5 0.73 0.5 -0.06 1.52 1.64 -0.61 0.45 1.36 0 -2.31 -0.35 -0.35 0.42 0.58 0.65 -1.4 -2.16 -0.45 0.48 -1.25 -0.81 -0.73
0.73 -0.75 -0.43 -1.54 1.67 -1.62 1.2 0.19 -0.33 -0.3 -1.46 -0.79 0 1.29 -1.09 0.93 -1.07 -1.35 -1.59 0.92 1.11 2.01 0 0.34 1.36 0.93 0.95 -0.32 -0.87 -1.86 1.25 -0.91 -0.22 -1.36 1.46 -1.23 0.18 -2.58 0.62 -0.55 0.93 0.34 0.22 -0.79 0.39 0.47 0 -0.21 1.1 0.97 -1.29 -0.18 -0.96 0.25 -0.3 -0.05 0.71 0 0.62 -0.39 0 1.99 0.29 -0.35 0.82 2 -1.33 -0.59 0 -0.44 0.56 0.45 -0.09 -0.08 -0.18 0.71 -0.24 -0.79 -0.12 1.2 -1.26 0.17 0.8 0.8 1.03 0.15 0.44 0.03 0.64 -0.69 -0.25 0.15 -0.28 -2.35 -2.1 1.34 2.34 -0.06 -0.71 -0.18 -0.95 -0.75 0 1.8 -0.96 -0.17 -0.69 -1.5 -1.17 -0.35 1.66 0.67 -0.69 -0.23 -0.94 0.9
-0.37 -1.56 -0.27 2.68 0.32 -1.8 -0.13 0.09 0.68 -2.33 0.03 -0.43 -1.18 0 -2.82 -1.17 -1.83 -0.74 -0.97 0.77 -0.24 0.27 0 1.77 1.11 0.46 0.81 1.12 0.06 -0.17 -0.34 -0.39 1.01 -1.14 -0.79 0.93 1.2 -1.48 0.49 0.26 0.19 -0.16 3.16 -0.31 1.96 0 -0.03 -0.96 0.78 0.02 -1.36 -1.6 -3.21 0.37 -0.19 -0.83 0.6 0 0.83 0 0 4.05 -1.67 0.21 0.33 0.41 -0.86 3.02 0 -2.36 -1.16 0.94 0 -1.24 -0.29 0.71 0.82 -3.95 -1.16 -1.06 0.72 0.48 -1.16 2.95 -0.48 1.31 0.8 0.15 -1.46 -0.88 0.18 -0.07 0.67 -1.13 -0.75 -2.06 2.06 -0.27 -1.94 -0.65 -1.74 -0.53 0 0.45 -2.39 -0.6 1.51 0.26 -1.12 -1.96 -1.4 -0.41 -1.1 0.37 -0.87 -0.29
0 -1.5 1.49 -0.79 -0.73 -3.05 4.96 0 2.51 0.22 -0.7 1.84 0.98 3.59 0 1.75 -2.14 -1.83 -3.59 -1.59 2.33 3.45 0 1.63 -1.57 -0.55 0.72 1.05 -3 -2.14 4.77 -0.91 2.82 0.42 0.02 -2.63 1.03 -3.02 -0.53 -1.27 1.49 -1.34 0.91 0.43 3.15 2.52 -1.38 -2.77 2.58 0.78 0.01 -2.79 -2.29 1.41 -4.75 2.99 -2.04 0 -0.44 3.67 1.52 1.39 -1.48 -0.91 1.1 -0.02 0.56 -1.39 0 -0.48 -0.21 -1.09 0.4 -1.79 -0.94 1.47 0.35 -4.26 -0.27 3.05 -0.03 1.29 -0.41 -2.57 -1.17 3.84 1.56 -1.51 0.04 0.06 0.62 1.35 -1.52 -2.55 -1.59 2.02 2.69 -1.08 2.45 -0.65 0 -0.42 0 -1.21 -2.23 -0.07 -0.73 -1.29 -1.56 -2.46 -1.73 0.52 0.72 -1.91 -3.06 0.12
-0.37 1.26 0.86 0.03 0.07 -1.69 0 0 0.37 -1.51 -0.37 -0.81 -0.77 0.98 -1.49 0 -1.76 1.06 -0.99 1.41 -0.05 1.04 0 1.51 1.16 1.53 1.19 0.93 -1.27 0.62 0.59 0.59 1.23 -0.39 0.99 -1.35 -0.43 -0.82 0.56 0.52 0.85 2.61 0.66 0.41 -0.31 0.65 0.3 2.14 -0.38 -0.76 -0.13 0.16 -0.74 0.37 -0.39 -1.39 -0.61 0 -0.06 -1.12 0 3.12 -1.34 -0.68 0.42 1.64 1 1.9 0 -3.07 -2.27 0.63 -0.29 0.17 -0.87 -0.19 -0.23 -0.91 0.91 -0.91 0.38 0.61 -0.22 1.02 -0.72 0.25 -0.47 -2.09 0.99 -0.06 -1.16 0.73 -1.4 0.13 -0.77 0.92 1.47 -0.88 -0.11 1.47 -1.94 -0.89 0 2.38 -0.69 0.14 0.84 0.57 -0.24 1.22 -0.85 -2.41 0.28 2.69 1.8 1.36
-1.03 1.15 -0.75 -0.01 -0.16 -0.65 2.09 -2.84 0.85 -1.02 -0.92 -2.96 1.23 1.75 2.52 1.71 0 -1.52 -2.65 -0.56 1.59 2.84 0 -0.03 -1 1.19 -1.56 0.55 -2.17 -0.56 4.34 2.04 4.05 -1.23 3.19 -1.92 1.87 -3.97 1.34 0.89 3.11 -1.48 0.9 2.92 -0.56 1.87 1.77 -2.52 -0.18 0.5 0.64 -1.51 -2.38 3.01 4.29 2.16 -0.12 0 0.23 2.52 0 -0.46 -1.72 -1.6 -1.18 2.53 -1.01 1.2 0 -0.38 2.93 2.97 1.02 -2.91 -1.15 0.49 -0.37 -0.38 -0.64 4.83 -1.56 0.82 -0.33 0 -2.67 -0.71 -0.8 -0.87 1.54 -2.03 -0.48 4.25 -0.22 -2.03 0.12 2.81 3.39 -1.52 1.41 -0.37 -0.37 -1.38 0 1.48 -2.44 -1.29 -0.52 -3.02 -1.38 2.15 0.55 -0.35 2.25 1.18 -1.59 -0.03
8.02 -0.34 -0.01 -0.91 0.28 -2.68 2.37 1.04 1.71 1.47 0.06 0 1.38 1.07 1.79 -0.85 1.98 0 1.45 -2.11 0.85 1 0 -0.08 -0.5 -1.29 0.24 1.7 2.91 -0.86 0.69 -2 1.49 0.41 0.66 -0.38 0.77 1.82 -1.91 -0.19 0.13 -1.69 0.29 0.74 -0.63 1.86 1.7 1.01 2.66 -0.69 0.3 0.64 1.88 0.28 0.05 1.37 -2.06 0 -2.57 2.77 0 -1.09 0.47 -1.14 -0.22 -1.91 0.52 -1.91 0 1.12 3.54 -1.89 -0.18 -1.85 0.82 1.04 1 -1.31 -1 0.8 -1.18 -0.05 -0.8 -2.22 0.12 1.07 0.21 1.08 -5.38 -0.32 -0.25 2.32 -1.72 -0.3 0.61 0.06 -0.11 -1.44 0.41 -1.3 1.66 -0.13 0 0.56 1.96 -0.16 -0.06 0 0.73 0.9 0.43 0.2 -1.11 -0.1 -0.61 -1.78
0.83 0.02 -1.92 -2.86 -2.47 -0.64 2.34 1.27 0.21 0.27 2.22 2.26 1.36 1.03 3.69 0.75 2.55 -1.24 0 -0.05 0.99 -1.27 0 -0.07 -1.05 -1.83 -0.31 1.58 1.37 -1.77 -1.48 -2.33 -3.43 0.53 -1.47 -0.94 0.05 1.41 -2.39 0.63 -0.93 -3.43 -0.51 -0.37 1.33 -0.26 -0.25 -1.48 -0.48 0.35 -0.68 0.95 0.56 -0.93 -1.16 1.78 -0.32 0 -0.04 2.69 0 -1 2.19 -0.69 0.75 -1.88 -0.09 -1.72 0 2.24 3.5 -3.64 0.02 0.13 -0.42 -0.13 1.08 1.1 -1.64 0.28 0.25 -0.2 -0.09 -1.61 -0.15 1.39 1.4 0.24 -1.77 1.7 0.32 0.08 -0.08 0.39 1.41 -0.8 -0.74 0.46 1.1 -0.08 1.47 0.57 0 -2.92 1.14 0.99 -0.75 0.9 0 -1.97 -1.14 0.1 0.45 -1.71 1.64 -1.4
-0.71 0.21 1.29 -0.05 3.53 0.58 -1.77 -0.56 1.5 -0.02 -1.31 -0.28 -0.89 -0.81 1.7 -1.42 0.64 2.15 -0.01 0 -1.55 -0.06 0 0.81 0.16 -0.14 1.07 -0.46 -1.4 0.17 -2.65 -0.87 0.53 0.36 -0.69 0.7 -0.91 2.73 0.1 1.65 -0.43 2.49 -0.17 -0.2 -0.88 -0.55 -0.58 2.49 -1.22 -0.51 0.42 -0.8 0.95 -0.39 -0.45 1.41 0.17 0 0.82 -0.81 0 1.75 -0.81 -0.06 -0.47 1.12 0.38 0.78 0 -0.58 1.33 2.12 -0.45 -0.85 -0.03 0.66 -1.16 1.5 -0.11 -0.08 1.67 -0.32 0.79 0 -0.04 -1.35 -1.38 -2.67 2.06 -1.39 1.3 -0.97 1.38 1.39 1.89 -1.38 1.19 -1.1 -0.51 1.09 0.09 -0.13 0 1.57 1.29 -0.65 0.21 0.88 1.19 1.51 -0.64 -2.08 0.09 0.48 0.63 0.1
1.89 -0.17 -1.24 1.48 -0.69 1.16 0.68 1.4 1.41 1.1 -0.14 -0.89 -0.35 0.43 -0.8 0.2 -1.37 0.36 -0.55 1.9 0 0.81 0 -0.26 0.98 1.36 0.48 -0.44 -0.39 1.5 1.1 1.3 1.86 -0.25 1.69 0.7 1.12 -0.04 0.91 2.51 0.77 1.27 -0.2 0.8 -0.01 1.09 -0.01 0.84 1.81 1.09 0.8 -0.25 -1.03 2.52 0 1.78 0.37 0 1.15 0.06 0 -0.99 -1.03 1.15 0.25 -1.19 1.94 0.08 0 -1.98 -1.67 2.2 1.96 1.63 1.45 0.93 -0.62 -0.4 2.64 0.39 1.24 0.28 0.93 1.94 1.85 -0.57 -0.34 0 0.65 -0.05 1.55 0.01 0.66 -1.03 -1.13 0.86 0.63 1.28 0.35 -0.13 -2.02 1.09 0 1.01 -1.14 0.03 0.17 -1.19 2.19 -0.05 -0.11 0.36 1.16 1.92 -0.47 2.33
1.7 -1.25 0.92 0.68 1.99 0 -1.29 -0.57 1.04 -1.93 0.38 0.17 -1.96 -0.31 -3.36 -1.01 -2.82 -0.87 1.23 0.06 -0.3 0 0 -1.73 0.83 0.79 1.01 -1.07 0.77 0.45 1.01 -0.07 2.49 0.7 1.61 0.17 0.91 0.96 2.14 -0.93 0.28 0.58 0.53 0.76 0.84 1.42 -0.09 -0.62 1.43 -0.45 0.82 -1.06 -1.24 0.31 0.02 -1.15 -0.64 0 -0.51 -1.52 0 0.38 -1.81 0.51 -0.65 -2.26 2.16 1.21 0 -1.54 -3.65 1.02 -0.32 0.91 0.97 0.47 -1.14 -0.75 0.39 -0.69 -0.97 -0.94 -0.45 0.3 0.24 -0.16 -1.24 1.32 -0.7 -0.44 -0.47 1.09 1.27 -4.62 -2.33 -1.03 1.43 0.33 -0.2 -2.32 -0.52 -0.56 0 -1.09 -0.31 -1.39 -1.2 -1.72 -0.72 0.68 0 0.5 -2.46 0.38 -2.39 1.33
0.97 -1.51 -0.79 3.29 -0.23 0.66 1.9 1.23 1.43 -0.2 -0.19 0.51 -0.03 -1.81 -0.9 -1.44 0.04 0.7 0.14 -0.6 0 1.86 0 0 0.91 0.29 1.1 0.04 0.78 2.25 0.87 -0.26 -0.08 0.95 1.37 1.83 2.36 -1.31 1.43 -0.35 0.6 -1.2 0.58 1.42 -2.34 0.44 1.29 -2.42 1.4 0.43 1.22 0.78 -0.11 2.1 1.21 1.18 -0.29 0 0.83 0.68 0 -1.47 -0.82 0.77 -0.07 -1.31 0.55 3.1 0 -1.19 1.27 0.36 0.89 -0.43 1.6 1.03 0.52 -0.39 0.78 0.77 1.19 0.15 -0.62 1.35 0.11 -0.07 -1.04 -0.36 -1.39 -0.28 -1.01 1.49 -1.02 0.05 1.15 0.09 0.65 1.6 -0.02 -1.67 -0.32 0.3 0 1.59 0.24 0.05 0.47 -0.72 1.1 0.94 0.03 0.05 0.23 0.95 -1.9 0.15
0.97 -1.51 -0.79 3.29 -0.23 0.66 1.9 1.23 1.43 -0.2 -0.19 0.51 -0.03 -1.81 -0.9 -1.44 0.04 0.7 0.14 -0.6 0 1.86 0 0 0.91 0.29 1.1 0.04 0.78 2.25 0.87 -0.26 -0.08 0.95 1.37 1.83 2.36 -1.31 1.43 -0.35 0.6 -1.2 0.58 1.42 -2.34 0.44 1.29 -2.42 1.4 0.43 1.22 0.78 -0.11 2.1 1.21 1.18 -0.29 0 0.83 0.68 0 -1.47 -0.82 0.77 -0.07 -1.31 0.55 3.1 0 -1.19 1.27 0.36 0.89 -0.43 1.6 1.03 0.52 -0.39 0.78 0.77 1.19 0.15 -0.62 1.35 0.11 -0.07 -1.04 -0.36 -1.39 -0.28 -1.01 1.49 -1.02 0.05 1.15 0.09 0.65 1.6 -0.02 -1.67 -0.32 0.3 0 1.59 0.24 0.05 0.47 -0.72 1.1 0.94 0.03 0.05 0.23 0.95 -1.9 0.15
0.97 0.14 -0.38 1.89 0.21 0.45 -1.15 -1.32 -0.6 -0.18 1.2 1.41 -1.32 -1.14 1.73 -1.21 1.05 0.6 1.05 -0.16 -0.55 -0.83 0 -0.77 0 -0.27 -0.46 -1.23 2.29 -1.09 -0.23 0.04 -0.64 0.03 -1.32 -1 0.93 0.43 -0.01 0.54 -1.25 -1.16 0.82 -0.25 0.55 0.13 -0.42 -1.37 0.84 -0.62 0.26 1.19 1.23 -0.74 1.07 0.97 0.88 0 -0.94 -1.23 0 -1.05 -0.41 -0.48 -0.62 -2.57 -0.68 -1.73 0 -0.75 1.38 -0.97 -0.16 -1.39 0.84 0.05 1.26 0.47 -0.62 -0.21 0.68 1.39 -0.52 0.19 -0.59 0 -0.02 3.06 0.48 0.17 -0.73 -0.04 1.51 -1.62 0.25 -1.92 -1.61 0.62 -0.49 -3.3 -0.01 0.33 0 -0.08 -0.33 0.59 0.13 0.48 0.04 -0.16 0.88 0.58 -0.5 0.4 -0.09 0.25
2.34 0.78 0.47 1.3 -0.1 1.53 -1.98 0.91 0.2 0.28 0.12 0.46 -0.78 -0.64 0.77 -1.53 -1.2 1.5 1.74 0.15 -1.25 -0.72 0 -0.26 0.24 0 0.09 -0.02 0.87 1.36 -0.82 0.21 -0.89 1.44 -0.92 0.06 0.5 1.39 1.17 3.3 -0.55 0.12 1.01 -0.02 0.17 -0.43 0.12 0.63 0.04 -0.65 1.19 -0.12 1.04 -0.35 -0.24 -0.7 0.41 0 -0.42 -0.06 0 -1.23 -0.19 -0.33 -0.72 -0.7 2.33 -0.71 0 0.05 -0.77 -0.04 -0.48 0.1 1.1 0.09 0.33 -0.32 0.46 -1.75 1.43 0.7 -0.69 0.6 0.36 -0.65 -1.85 1.52 1.29 0.47 -1.2 0.09 0 -0.04 0 -0.66 -0.88 1.46 -0.58 -1.11 -0.31 0.16 0 0.12 1 -0.16 0.72 0.56 1.95 0.3 -0.4 -0.36 0.9 0.19 0.57 0.91
-1.1 -0.91 1.49 0.27 -0.32 -0.03 -1.9 -0.54 -0.53 -0.43 0 1.08 -1.04 -0.65 -0.64 -1.19 1.76 -0.25 0.38 -1.06 0.26 -1.05 0 -0.77 0.51 -0.04 0 -0.65 0.51 -0.74 -0.24 -1.28 -0.97 0.92 0.29 -0.87 -0.35 0.16 0.99 0.88 0 -0.06 0.69 -0.59 0.34 0.27 -0.37 1.22 -0.48 -0.64 0.32 0.04 0.49 -1.16 0.9 1.26 0.35 0 -0.21 0.5 0 -0.44 -0.31 -0.79 -0.03 -2.05 -0.2 -0.47 0 -0.24 -0.11 -1.27 -0.39 -0.61 -0.36 -0.16 -1.08 -0.65 0.29 -0.43 0.42 0.61 -0.2 -0.67 0.23 0.63 -0.58 0.34 -0.17 -0.77 -0.37 0 -0.66 -1.22 1.01 -0.44 -1.13 -1.37 -0.57 -0.02 0.48 -0.26 0 0.08 0 -0.14 0.06 1.5 -0.02 0.6 0.02 -0.14 -0.43 0.4 0.89 -0.09
-1.1 0.33 -0.14 1.22 -0.36 0.43 -0.03 0.35 -0.28 -0.59 -1.14 -0.12 0.57 -1.17 -0.31 -0.91 -0.54 -1.05 -1.51 0.59 0.55 1.19 0 -0.04 1.32 0.03 0.95 0 0.46 -0.24 0.16 -0.14 -0.49 1.6 1.77 -0.32 0.87 1.29 -0.34 -3.01 1.09 -0.32 -0.9 0.94 -1.66 0 1.29 0.79 0.61 -0.25 -1.11 0.26 -1.13 1.12 1.62 1 0.43 0 0.66 -0.51 0 1.64 -0.42 -1.13 0.49 0.48 -0.83 2.51 0 -0.52 0.09 1.12 -1.47 1.4 0.34 0.38 1.08 -0.86 -0.28 0.71 -0.59 0.42 -0.63 0.72 -0.46 -1.2 1.85 1.12 1.4 -0.21 -0.98 0.29 -2.94 -2.18 -0.03 1.34 1.57 0.39 -0.51 -0.07 -0.32 -0.4 0 1.92 -1.05 -0.07 0.4 1.65 -0.84 0.48 -1.16 -0.14 -1.09 1.27 -0.1 1.21
0.56 -0.79 -1.39 -0.1 -2.25 -0.15 1.84 0.05 -0.63 -0.67 1.74 1.2 1.04 0.03 3.76 1.03 1.91 -1.97 -1.04 1.47 0.4 -0.54 0 -0.82 -1.91 -0.88 -0.06 -0.49 0 -1.18 0.24 -1.59 -1.61 0.51 -1.72 -1.1 1.87 0.82 -0.52 0.58 -0.49 -1.94 -0.02 0.6 1.27 -0.4 0 -0.96 0.42 0.2 -0.49 -0.02 0.05 0.41 -2.19 1.76 1.1 0 -0.26 1.65 0 -1.63 1.08 -0.11 0.67 -2.54 -0.56 -1.38 0 3.55 3.15 -1.45 0.63 0.95 -1.77 0.36 -0.07 0.41 -0.53 0.84 0.05 1.1 -0.95 -1.53 0.25 0.24 2.86 1.44 2.39 0.74 0.45 -0.84 -0.46 -0.13 -0.14 -0.1 -0.1 2.08 1.17 -0.87 0.26 1.74 0 -1.97 -1.58 0.21 -1.2 -0.66 -1.18 -1.72 -1.79 1.59 2.3 -0.72 0.87 -0.13
1.8 -0.27 1.59 -1.07 0.96 1.49 0 0.28 0.67 0.9 1.94 0.4 1.74 0.41 2.14 -0.55 0.77 0.8 1.94 -0.11 -0.64 -0.46 0 -1.84 1.19 -1.25 0.76 0.68 1.77 0 -1.53 2.01 -1.05 1.74 0.61 0.57 -0.35 4.59 -1.54 3.08 -0.56 -0.11 0.81 1.34 -0.86 2.38 -0.87 1.91 -0.81 -1.03 -0.13 1.55 2.71 -0.3 -0.04 -0.08 -1.1 0 -2.51 1.49 0 -0.75 0.57 -0.7 -0.99 -1.19 1.03 -1.81 0 -0.13 0.67 -1.23 0.03 -0.2 1.48 -0.77 1.51 1.2 -0.67 -1.67 0.37 -0.51 -0.38 -1.23 0.36 -1.42 -1.09 2.11 -2.32 -0.07 0.19 0.81 1.96 0.42 1.23 0.75 0.46 1.39 0.6 -0.09 2.11 0.95 0 -0.1 0.69 -1.27 0.7 1.95 2.36 0.08 -0.19 -1.26 0.59 -0.4 0.24 -1.76
0.05 -1.7 2.38 1 0.21 1.84 0.31 0.15 1.28 -1.48 0 -0.53 -0.75 0.51 -2.08 -0.78 -3.89 0.39 1.73 2.6 -1.27 -0.59 0 -1 0.53 0.55 1 -0.28 -0.24 2.34 0 0.85 1.1 0.9 -0.47 -0.14 0.32 0.98 0.54 2.77 -0.18 1.21 0.73 1.11 -0.29 0.27 -0.77 2.25 0.09 0.34 0.02 -0.73 -1.86 0.41 -0.57 -0.99 -0.14 0 0.61 -1.08 0 -0.85 -0.56 0.15 -0.54 -1.56 0.67 -0.27 0 -0.58 -2.31 1.27 1.34 0.51 1.03 0.67 -0.05 -0.09 2.79 -1.11 0.59 0.64 -0.57 0.95 1.54 -1.07 -1.38 1.69 2.02 -0.47 1.07 -0.17 1.67 1.53 -0.65 0.02 1.38 2.19 0.8 -0.15 -0.67 1.11 0 -0.23 -1.41 -1.28 0.46 0.91 1.84 -1.16 -0.85 0.33 1 -0.34 -0.05 1.05
3.53 -0.31 1.9 0.3 1.58 -0.05 -0.44 -0.43 0.19 -0.56 -0.31 0.58 0.91 0.07 0.79 -0.61 -2.16 2.04 2.1 0.76 -1.24 0 0 0.3 -0.24 -0.24 1.08 0.11 1.59 -2.22 -1.38 0 1.37 0.79 -1.08 -0.62 -0.95 0.6 0.55 0.3 -0.59 1.61 1.23 -0.22 -0.08 0.78 1.01 2.05 0.5 -0.43 -0.04 0.16 1.35 -1.23 -0.55 -2.63 0.38 0 -1.28 -0.44 0 0.08 -0.62 -0.95 -1.18 -0.1 1.38 -0.29 0 -0.48 -1.97 -0.5 -0.61 0.76 -0.23 0.23 -0.73 0.12 -0.28 -1.75 0.13 -0.81 -0.11 0.48 -0.02 -0.82 -1.43 1.41 -0.79 -1.19 0.06 0.55 1.15 0.78 -1.34 -0.94 1.32 1.12 0.19 -1.03 0.26 -0.38 0 -1.56 0.97 -0.43 -0.43 0.07 0.6 1.52 0.06 0.46 -0.59 0.04 1.39 -0.02
-1.97 -3.04 0.65 -1.75 -0.36 -0.88 -0.42 -0.01 -0.83 -1.6 -1.42 -0.61 -0.55 -1.33 -2.2 -2.27 -4.68 -1.57 2.76 -1.14 -2.31 -2.93 0 -0.81 0.01 -0.35 0.62 -0.42 1.2 0.76 -1.03 -2.6 0 0.12 -2.77 2.48 -0.65 2.28 -0.15 -1.37 -2.1 0.98 -0.88 -0.31 2.41 -0.66 -2.4 1.32 -0.68 -0.06 -2.07 -1.05 -1.78 0.03 -1.31 -5.84 -0.78 0 -0.88 -3.24 0 -2.94 -0.71 -0.17 -1.69 -1.61 1.44 0.55 0 1.02 -4.71 -1.3 -0.66 -1.98 -1.52 -0.24 -2.1 0.5 -0.44 -0.96 -2.07 -0.25 -0.35 0.75 0.87 -0.52 -0.11 0.49 -3.68 -1.48 3.35 -0.44 0.52 0 -1.81 -0.97 -0.59 0.5 -0.18 -2.01 0.1 0.47 0 -3.92 -1.3 -1.61 -0.69 -0.19 -1.66 -3.31 -0.84 -0.6 -1.25 -1.45 -1 -2.42
0.72 -1.01 -0.08 -0.3 -0.36 -0.45 0.49 1.03 -0.07 -0.01 -0.9 -0.48 1.2 1.42 -0.34 0.4 1.43 -0.42 -0.48 -0.35 1.21 -0.74 0 -0.6 0.02 -1.4 -0.92 -1.32 0.04 -1.72 -0.16 -1 -0.32 0 -1.25 -2.48 -0.16 -0.59 -1.18 0.4 -1.91 -1.19 0.96 -0.43 0.93 0.75 0.09 1.04 0.49 -0.34 -1.71 -0.17 -2.09 -0.59 -0.72 -0.23 0.23 0 -0.52 2.36 0 -1.63 0.57 0.04 1.88 -3.08 -0.75 -3.17 0 3.05 2.5 -1.54 0.21 1.74 0.64 -0.26 -1.38 0.27 -1.35 1.17 0.47 -0.32 0.39 -1.17 0.37 -0.7 1.48 -0.89 -1.72 -0.54 -0.94 -1.63 -0.02 -0.82 0.51 0.52 -0.32 0.46 -1.32 0.41 -0.93 0.19 0 0.1 1.56 0 -0.02 -1.57 -0.77 -0.87 0.27 2.4 -1.22 0.48 0.5 0.85
2.93 0.33 1.31 -0.16 0.56 0.6 0.28 -0.36 -0.17 -0.29 -0.08 -0.77 -1.33 0.68 0.15 -0.99 -3.24 -0.41 1.37 0.68 -1.55 -1.57 0 -1.36 1.29 0.94 -0.29 -1.81 1.83 -0.54 0.45 1.01 1.98 1.25 0 -0.5 -0.07 -1.35 1.05 -0.67 0.74 1.65 0.52 0.62 -0.71 1.07 0.66 -2.1 0.55 -0.27 -2.55 0.61 -0.63 -0.45 1.99 -0.93 0.02 0 0.18 -0.75 0 -0.55 -1.14 0.5 -0.92 -2.57 -0.04 -2.13 0 -0.82 -1.24 0.76 0.78 -0.4 0.7 0.04 -1.11 1.59 3.02 -1.13 -0.61 -0.68 0.3 2.47 0.8 -2.33 -0.39 2.91 3.24 -2.27 0.2 -1.07 -0.56 -1.05 -0.7 0.05 0.16 0.37 -0.38 -0.77 -1.18 -0.26 0 -0.23 -0.93 -0.38 -0.97 -0.64 0 2.11 0.67 0.01 -1.11 1.5 0.01 1.78
2.42 -0.8 2.26 0.33 1.33 0.67 1.87 0.26 -1.45 -0.13 0.84 -1.81 -0.32 -0.24 2.93 0.07 -1.45 0.03 2.3 -0.07 -1.9 -1.84 0 -3.15 2.23 0.7 0.61 -1.46 3.2 -0.98 1.06 1.17 -1.09 3.7 0 0 -0.68 -0.32 -0.5 0.05 0.38 0 0.69 0.03 -0.69 2.25 0.27 -4.48 -0.03 0.81 -2.23 1.76 -1.07 -1.25 0.82 -0.05 0.01 0 0.74 0.32 0 -1.07 0.32 0.03 -0.5 -5.01 -1.18 -1.36 0 -0.23 -0.43 -0.22 0.72 0.68 0.19 -0.95 -1.22 2.88 2.45 -1.37 -1.42 -0.99 1.02 3.1 2.26 -1.84 -2.47 4.03 3 -2.6 1.46 -1.36 -0.24 -2.09 -0.73 0.43 -0.58 1.76 1.11 -1.17 -0.14 -0.47 0 -2.58 -1.32 -0.58 -1.38 0.54 -0.51 0.9 -4.22 -0.18 -0.16 -0.15 1.42 0.04
-1.52 0.29 -0.42 1.33 0.79 -0.2 -1.73 -0.55 0.32 -2.37 0.14 0.49 -0.27 -1.19 -0.72 0.26 -1.9 -0.62 -0.05 0.84 -0.72 -0.96 0 -2.28 -0.93 -0.6 0.39 -0.78 -1.73 0.42 0.15 0.55 0.32 0.22 -0.06 0.61 0 0.86 -0.3 0.28 -1.04 2.43 0.56 0.81 -0.87 -0.79 0.4 2.14 0.01 -0.6 -0.81 -0.2 -1.34 0.9 0.85 -0.26 0.22 0 0.57 -1.88 0 -0.64 -1.13 0 -0.04 -0.36 -0.35 -0.26 0 -1.46 -1.08 0.7 0.19 0.8 -0.31 0.63 -1 0.17 0.12 0.6 -0.49 0.55 -1.43 0 0 -1.57 0.76 0.58 0.55 0.06 0.53 0.65 1.06 -1.74 -1.1 -0.78 -0.8 1.37 -0.38 -1.4 -1.05 -0.08 0 -3.84 -0.66 -1.18 -0.5 -0.1 -2.51 -1.1 0.12 -0.49 -0.58 0.06 0.95 2.56
-1.19 0.09 -2.16 3.26 -1.77 0.89 1.28 -0.39 -2.52 -0.1 -0.45 -3.52 2.13 1.56 3.05 0.47 3.69 -1.72 -1.41 -2.75 0.49 -1.08 0 1.35 -0.5 -1.54 -0.15 -1.27 -0.44 -4.41 -0.51 -1.06 -2.58 0.58 1.07 -1.04 -0.87 0 -0.78 -0.73 -0.55 -0.94 -2.44 -0.05 1.51 -1.54 -2.12 0.66 -0.14 0.91 -1.63 -1.9 -1.5 -0.77 -0.83 1.35 -0.53 0 -1.03 0.26 0 0 -1.53 -1.8 -0.68 1.38 -0.73 -0.49 0 1.33 3.27 -3.11 -1.36 -1.05 -4.55 -1.47 -0.39 0.64 -0.6 -0.58 0.2 0.52 1.79 -1.09 -2.06 1.52 0.62 -0.35 -2.04 -1.83 -0.82 1.02 -0.75 0.15 -0.89 -0.65 -0.13 -0.93 -0.28 -0.81 3.02 -0.95 0 -0.16 0.99 0.95 -3.59 -0.49 -1.36 0.1 0.17 3.22 -0.14 1.67 2.19 -6.21
1.4 -4.07 1.52 -0.11 0.89 3.95 0.85 1.78 2.44 0.23 1.75 2.35 -0.06 -0.02 2.71 -1.27 -1.72 2.91 2.69 0.37 -1.99 -1.14 0 -2.07 0.65 -1.54 1.09 -0.44 0.17 3.48 -0.65 -1.3 2 2.55 -1.24 2.1 1.15 1.71 0 6.74 -1.84 -0.46 1.27 1.29 0.32 0.94 -2.61 1.02 1.47 -0.01 2.07 -0.77 0.74 2.09 -4.06 1.99 -0.78 0 2.13 1.98 0 -3.51 -0.02 2.44 -1.44 -5.22 3.53 -1.16 0 1.24 0 -1.07 4.16 0 2.7 3.04 1.09 0.27 2.71 -0.38 2.83 1.04 -1.56 -1.67 2.11 -1 -0.39 1.23 -4.32 -0.11 3.38 -1.53 1.49 3.59 0.78 -0.73 1.44 3.71 1.51 -1.14 0 2.74 0 -1.6 -2.3 -1.93 -0.89 -0.1 3.26 -2.5 0.07 0.86 3.01 -1.45 -4.64 -2.96
13.97 -2.53 -0.2 -0.78 0.36 -2.92 2.47 3.56 2.35 1.12 -0.77 0 0.54 0.66 1.34 -0.06 -0.2 0.11 0.01 -1.33 -0.5 1.19 0 1.85 -0.1 -2.82 -0.68 4.57 1.12 -2.99 -0.84 -0.33 2.9 -0.17 1.14 -0.11 0.26 1.34 -3.11 0 0.52 -1.94 -2.31 -0.64 -2.2 3.36 3.42 -1.93 3.9 0.08 0.88 1.03 3.37 0.22 -2.43 1.09 -2 0 -3.05 2.45 0 -1.89 -0.08 -1.74 -1.16 -2.48 4.22 -0.1 0 -0.41 -0.38 -2.75 -0.3 -2.11 -0.18 2.77 1.74 -1.59 -1.43 -0.26 -0.82 -0.56 -0.39 -1.99 -1.14 -0.28 -1.24 -0.49 -4.65 -2.01 -0.78 1.18 -0.9 -0.76 2.37 -1.03 0.29 -0.66 0.03 0.64 1.56 -1.68 0 0.5 1.53 -0.24 0.99 0.49 2.44 -0.83 -0.43 0.61 -0.3 0.99 -1.51 -1.42
0.17 -0.51 0.42 1.35 0.9 -0.31 -1.97 0.06 0.27 -1.54 -0.34 0.55 -0.77 -0.39 -1.21 -0.85 -3.17 0.17 0.79 0.43 -0.63 -0.22 0 -0.6 1.22 0.56 0.22 -1.15 0.43 0.65 -0.03 0.55 1.09 1.94 -0.73 0.16 0.93 0.32 1.46 0.01 0 1.84 0.88 -0.07 -0.76 0.57 0.5 1.24 0.96 -0.32 -1.48 -0.76 -1.53 -0.04 -0.82 -3.31 0.7 0 0.23 -1.89 0 0.54 -0.91 -0.07 0.23 -0.48 0.29 0.63 0 -0.86 -1.97 0.59 0.24 1.25 1.65 0.54 -0.43 -0.37 2.07 -1.25 0.36 0 -0.77 1.53 0.32 -0.82 0.35 1.06 0.76 -1.04 0.01 -0.28 -0.22 -2.16 -1.65 -0.34 0.83 0.94 -0.93 -1.84 -1.65 -0.3 0 0.32 -0.92 -0.37 0.08 0.68 0 -1.04 0.92 0.63 -0.19 0.89 -1.83 1.97
0.93 -0.41 0.22 -0.6 1.82 2.25 1.36 1.76 0.42 1.29 0.69 1.15 0.43 0.7 3.12 -2.32 1.02 2.71 3.77 -1.25 -1.52 0.16 0 0.77 1.69 -0.16 1.66 0.14 1.77 2.01 -1.01 -1.5 0.2 2.45 -1.28 2.46 -0.86 2 0.23 4.75 -1.62 0 0.79 0.29 1.62 0.08 -1.45 -0.94 0.71 1.12 2.78 0.17 1.07 0.79 -0.71 3.37 0.2 0 2.37 1.02 0 -2.25 1.34 -0.59 -1.1 -1.46 2.03 -0.08 0 -0.1 0.79 -1.91 1.78 -0.83 1.2 1.68 2.02 0.97 1.72 -1.41 2.63 0 0.78 -0.21 2.07 -1.06 0.58 1.6 -4.6 -0.42 2.89 0.28 2.4 2.88 1.89 -1.67 -0.65 1.46 0.81 -1.21 1.43 1.29 0 -0.56 0.98 -0.02 -0.78 -0.04 3.49 -2.05 1.55 0.8 1.92 -0.67 -0.43 -3.76
4.7 -2.13 0.1 0.45 0.75 -0.11 -0.13 1.33 1.61 0.51 -0.97 0.63 -0.23 -3.31 -0.88 -0.59 -0.75 -0.22 0.51 0.2 1.07 -0.53 0 -0.24 -0.83 -0.93 -0.73 1.26 0.4 -0.84 -0.29 -1.28 0.36 -1.02 -0.47 -0.22 -0.61 2.45 -0.6 2.43 -0.79 0.14 0 -1.4 0.57 0.35 0.11 1.37 0.77 -0.52 1.18 -0.04 0.63 0 -3.44 1.01 -0.39 0 -0.77 0.3 0 -1.55 1.69 0.06 0.39 -0.7 1.76 0.26 0 1.68 -0.01 -1.18 0.6 1.48 -0.58 1.01 -0.3 -0.49 -0.53 0.39 -0.29 -0.25 -0.39 -0.95 0.12 0.02 0.84 -0.27 0.3 0.95 -0.66 -0.38 -1.16 0.4 -1.01 -0.5 -1.53 -0.09 0.24 0.32 -0.78 0.44 0 -0.87 0.72 0.1 0.57 -0.56 -0.04 -0.38 -0.11 -0.87 -1.36 0.15 -4.03 -0.05
0.2 -1.33 1.34 1.27 -0.42 0.16 -1.09 -0.91 0.26 -2.4 0.7 0.3 0.59 0.44 -0.26 -0.53 -2.89 -0.69 0.39 0.15 -0.22 -0.84 0 -1.25 0.24 -0.05 0.59 -0.77 -0.26 -1.27 -0.5 -0.15 0.07 0.43 -0.72 0.63 -0.8 0.04 0.21 1 -0.03 1.27 1.29 0 -0.3 0.67 -0.32 2.12 -0.71 -0.48 -0.31 -1.19 -0.99 -0.02 -0.57 -2.6 -0.03 0 -0.7 -0.32 0 -0.12 -0.59 -0.71 -0.94 -0.18 0 0.1 0 0.3 -1.86 0.98 0.64 -0.62 -1.32 -0.5 -0.17 0.39 0.8 -0.88 -0.31 -0.22 -0.15 1 0.1 0.06 -0.1 1 0.23 -0.99 0.11 -0.04 1.38 0.06 -0.62 -1.12 1.03 0.42 0 -0.53 0.36 -0.06 0 -1.09 0.33 -0.9 0.12 -0.74 1.11 -0.81 1.13 0.04 1.19 -0.59 0.68 -0.46
-1.53 -1.09 -1.19 1.06 -2.38 2.29 1.25 2.06 1.7 0.57 -0.83 -0.13 0 -1.34 -0.58 -0.38 -0.16 1.56 -0.46 0.97 -0.76 -0.46 0 1.19 -0.07 -0.58 0.84 0.93 -1.27 1.95 0.16 -0.6 -1.3 0.43 0.18 0.65 1.31 -0.22 -0.35 4.69 0.08 -1.62 0.11 1.19 0 1.14 -0.35 0.45 1.3 1.08 2.12 0.02 -0.87 2.23 0.2 1.3 -0.43 0 1.19 -0.2 0 -2.06 -0.26 0.24 -0.17 -1.28 4.22 -0.19 0 1.02 -0.52 -1 0.9 -0.22 0.12 0 1.92 0.06 1.11 0.56 2.93 1.21 -0.53 -1.6 1.36 0.4 -0.91 -0.2 -2.22 0.27 0.99 0.61 0.4 2.49 -0.95 0.08 1.18 1.2 1.8 -0.56 2.18 1.13 0 -1.06 0.36 0.43 -1.72 -0.32 1.72 -1.82 -1.31 0.77 4.31 -0.13 0.96 -1.45
0.99 -0.43 -0.8 -0.1 1.73 -1.95 -1.26 -0.49 -0.67 -1.38 -0.55 -0.38 -0.49 0.5 -2.55 -0.47 -1.59 -1.84 0.39 0.67 -0.11 -1.39 0 0.07 -0.01 0.65 0 0.53 1.16 -2.41 0.66 -0.84 0.51 -0.77 -0.94 -1.15 0.94 1.65 0.8 -3.28 -0.38 1.75 -0.34 -0.67 -0.07 0 0.21 1.92 1.03 0.27 -3.95 0.47 -0.36 -0.86 0.7 -4.41 0.39 0 -1.39 -2.47 0 0.03 -0.97 0.64 0.64 -0.82 -0.36 0.74 0 -0.62 -3.12 0.14 -0.48 1.06 1.03 0.65 0.54 0.13 0.51 -0.7 -2 0.42 -0.25 1.64 -0.63 -0.19 -1.14 1.74 1.19 -0.31 -0.86 0.4 -1.27 -1.75 -1.8 -0.75 -0.85 -0.79 0 -1.32 -1.65 -0.55 0 0.99 -0.93 -0.16 0.18 0.88 -1.47 -0.28 0.09 0.76 -3.58 1.29 -0.21 2.19
2.59 -1.19 -0.23 0.48 2.39 1.03 -1.04 1.34 -0.26 -2 0.33 0.66 0.43 -0.14 1.89 -0.24 -1.76 -1 0.18 0.7 0 0.3 0 -1.36 0.5 -0.06 0.59 -1.37 -0.2 1.2 0.38 -0.84 1.31 0.18 -0.55 0.28 -0.42 2 1.55 -2.09 -0.44 1.05 0.19 0.38 -0.75 0.26 0 0.98 1.29 0.13 -1.81 -1.01 0.27 0.35 -2.2 -2.84 0.8 0 -0.32 0.29 0 -1.1 0.03 1.45 0.54 -1.78 0.6 0.58 0 -1.37 1.5 1.3 1.44 2.21 1.6 1.15 -0.38 0.71 2.04 1.19 0.85 -0.65 -0.44 0.57 1 -1.24 1.83 0 0.52 -0.12 0.2 -0.69 -0.21 -0.03 -0.81 -1.43 0.76 1.95 0 -0.85 -1.32 0.09 0 0.8 -0.83 -1.01 0.59 -0.25 -0.49 -2.25 1.23 0.38 -1.45 -0.31 -0.23 1.46
0.61 1.47 -2.64 0.53 2.15 1.93 -0.43 0.57 -0.97 1.3 -1.17 -0.17 0.29 0.96 3.21 -2.2 2.28 -0.51 1.52 -2.29 -0.75 0.63 0 2.33 1.39 -0.72 -0.85 -0.83 1.01 -1.45 -2.33 -2.13 -1.84 -0.64 1.85 2.4 -1.96 -0.51 -1.27 2.86 -1.32 1.52 -1.1 -1.82 -0.51 -1.36 -1.13 0 -0.9 0.21 0.21 0 1.29 1.44 0.81 1.71 0.45 0 0.62 0.75 0 -1.57 0.53 -2.1 -1.2 2.73 1.14 -1.28 0 2.43 2.05 -2.04 -0.33 -2.96 -1.61 0.37 1.21 1.73 -0.51 -1.07 1.36 0.7 1.11 -1.69 -0.21 0.04 2.21 0.68 -4.1 -0.41 1.09 0.51 -0.15 3.44 1.63 -0.27 -1.76 -1.32 -2.15 0.67 3.13 -0.19 0 -0.23 2.87 0.89 -0.51 -0.43 0.63 -0.13 2.51 2.59 1.74 0.3 -0.14 -4.93
-0.86 -3.49 -0.19 -1.21 0.13 0.06 -0.57 0.08 0.2 -1.55 -0.4 0.01 -1.49 -0.99 -1.82 -0.65 -0.56 -2.34 0.26 0.55 -2.18 -1.81 0 -1.98 -1.13 -0.9 0.4 -1.24 0 0.78 0 -1.62 0.67 -0.41 -1.28 0.37 -0.22 0.11 -0.02 -2.04 -1.78 0.22 -1.03 0.56 -0.79 -0.91 -2.24 0.53 0 -0.43 -1.36 -1.35 -1.79 0.54 -0.08 -2.7 0.03 0 0 -0.94 0 -2.32 -1.12 1.19 -1 -3.6 -0.73 -1.51 0 -0.97 -0.89 -1.98 0.76 0.22 1.37 0.18 0.06 -0.32 0.93 -1.42 -0.7 -0.29 -1.37 0.01 0.09 -1.16 -0.94 0.89 0.22 0.09 0.52 -1.14 -1.53 1.22 -1.77 -0.2 -0.81 0.19 0.35 -1.84 -2.2 0.97 0 -1.71 -2.98 -0.97 -0.79 -0.53 -0.55 -1.81 -0.21 -0.17 -0.8 -0.68 -1.15 -0.66
0.61 -1.56 -0.07 -0.07 -1.19 1.02 0.24 0.93 0.68 0.75 -0.83 -0.62 -0.89 -0.03 0 0.27 -0.77 0.97 -0.23 0.43 -1.2 0.34 0 -0.7 0.59 0.21 0.9 0.01 -0.25 1.4 -0.23 -0.15 -0.12 0.69 -0.05 -0.92 0.67 -0.68 0.58 1.4 -0.12 -0.75 0.57 0.67 -0.98 0.14 -0.64 -0.26 0.32 0 1.9 -0.25 0.01 0.73 0.81 0.09 0.11 0 0.38 0.32 0 -0.91 -0.42 -0.18 -0.11 -1.39 1.46 0.42 0 -0.97 -0.21 -0.36 0.67 0.03 1.78 0.19 1.36 -1.14 1.51 -0.88 1.33 -0.44 -0.54 0.73 0.89 -0.8 -1.3 0.25 1.37 -0.59 -0.3 -0.71 -0.88 0.47 -0.28 0.88 -0.15 0.51 0.04 -0.13 -1.74 0.41 0 0.98 -2.22 -0.54 0.45 0.13 1.76 -0.08 -0.5 -0.54 1.34 -0.08 -2.01 -0.23
3.48 -2.31 1.48 -2.27 -2.16 -2.62 0.87 -0.38 0.94 1.63 -0.25 1.27 1.15 1.64 0 0.15 -0.49 -0.32 0.78 -0.4 0.05 -0.85 0 -0.84 -0.21 -1.14 -0.32 1.55 1.03 0.13 0.94 -0.18 2.21 1.71 2.57 -0.25 0.9 1.7 0.01 -0.6 1.54 -1.51 -1.2 0.34 -1.16 3.85 2.2 0.11 1.59 -1.68 0 1.38 1.51 0.88 -1.57 0.07 -2.42 0 -2.1 1.68 0 1.15 0.19 -0.54 -0.12 -1.59 1.64 -1.24 0 1.88 0.59 0.74 -0.63 -1.83 2.72 0.06 -0.21 -1.29 -0.86 2.04 -1.61 -1.24 -2.06 -2.72 -0.48 -0.62 0.13 0.2 -2.41 -0.28 -0.37 0.47 -1.46 -2.2 0.14 -0.91 2.04 0.29 1.12 0.79 1.44 1.13 0 -0.14 -1.37 -0.67 0.98 0.61 -0.4 1 -0.19 -1.05 0.67 -0.18 -2 0.62
0.62 1.13 -1.36 -0.34 -0.42 -0.91 -0.12 -0.39 -0.39 -0.19 0.05 -0.65 0.38 1.51 3.16 -0.16 1.52 -0.22 -1.07 0.84 0.41 1.13 0 -0.8 -1.16 0.12 0.08 -0.28 -0.11 -1.33 0.6 -0.16 0.11 0.31 -0.57 -1.31 0.14 1.74 0.09 -0.23 0.75 -0.45 0.21 1.2 -0.71 -0.1 1.03 -0.3 0.59 -0.09 -1.2 0 -0.89 0.34 0.15 2.52 0.09 0 -0.6 -0.02 0 0.33 0.25 0.75 0.3 -1.85 -0.36 -0.75 0 -0.25 2 -0.23 -0.34 1 -1.36 0 0.28 0.17 1.54 2.28 1.05 -0.21 -0.32 -0.95 0.28 -1.29 2.11 1.22 2.03 -0.14 -0.5 1.05 0.98 -0.37 0.26 -0.75 -0.36 1.07 0.84 0 0.16 -0.29 0 -2.02 0.4 -0.32 -0.6 0.99 -0.46 0.93 -0.89 0.26 -0.97 0.69 0.93 2.26
-0.46 -1.12 -0.64 -3.3 -0.61 -1.78 4.22 -0.59 0.24 0.41 1.97 0.19 1 3.24 2.36 0.77 2.52 -1.66 -0.82 -1.01 1.48 1.24 0 0.2 -1.34 -1.04 -0.57 1.25 -0.09 -2.73 2.07 -1.35 0.85 2.03 0.63 0.22 1.21 1.2 -1.55 -3 1.57 -1.25 -0.61 0.84 0.67 0.44 -0.16 -1.54 1.11 -0.34 -1.58 0.96 0 0.41 -0.77 1.6 -1.26 0 -1.52 3.89 0 0.38 0.71 -0.7 0.04 1.31 -2.07 -0.84 0 2.45 2.58 -0.62 -0.78 -2.68 -2.11 0.85 -0.07 -0.04 -1.44 1.6 -1.94 0.04 -0.12 -3.05 -2.29 3.13 1.34 -0.59 -2.18 0.77 -0.56 3.02 -0.45 0.5 1.53 0.94 3.67 0.37 1.38 0.46 3.23 -0.16 0 -1.46 0.33 0.68 -1.37 -0.28 -1.91 -0.42 1.1 1.01 -0.46 -0.33 -1.4 -0.93
-0.32 -0.23 1.15 -0.12 -0.19 -0.31 -0.63 -0.76 0.6 -1.12 -0.03 -0.99 -0.44 0 -1.29 -0.5 -2.97 -0.33 0.99 0.33 -1.93 -0.44 0 -1.87 0.73 0.27 1.13 -0.9 0 0.28 0.6 0.77 -0.12 0.56 0.31 0.88 -0.87 0.81 0.17 0.1 -0.07 1.04 0.01 0.03 -1.2 0.79 -0.25 -1.23 -0.51 -0.39 -0.87 -0.32 -0.58 0 -0.11 -2.59 -0.26 0 -0.31 -1.19 0 -0.7 -0.54 -0.84 -1.1 -1.36 0.17 -0.33 0 -1.22 -2.9 0.99 0.53 -0.54 0.23 -0.14 -0.04 1.17 1.07 -0.98 0.21 -0.78 -0.51 1.53 0.11 -0.91 -1.14 1.1 1.56 -0.25 0.03 -0.16 0.22 0.47 -0.97 0.85 0.7 0.72 -0.4 -0.69 -0.56 -0.24 0 0.15 -0.23 -1.84 0.14 -0.14 0.89 -0.69 -0.47 -0.41 0.27 -0.25 0.35 1.26
0.52 -0.46 2.37 0.37 3.9 0.74 -0.49 -0.13 -0.29 -0.73 -0.57 0.93 0.63 -0.03 5.1 0.44 -4.29 0.45 1.07 0.56 -0.05 0.18 0 -1.29 -1 0.29 -0.64 -1.73 2.06 0.33 0 0.65 0.03 0.93 -1.86 1.05 -0.9 0.66 3.28 3.14 0.86 -0.1 3.63 0.61 -1.7 -0.21 2.21 -1.08 -1.07 -1.53 1.77 -0.14 0.87 0.18 0 0.59 1.88 0 -0.16 0.51 0 -2.55 0.99 3.04 -0.76 -1.84 0.2 0.58 0 1.16 0.21 1.17 -0.56 0.85 -0.99 -1.3 0.04 3.15 0.68 0.19 -0.25 -0.91 -0.98 -1.03 -0.42 -0.86 2.45 2.49 1.88 -1.07 -0.99 -2.71 -0.55 0.09 0.95 -0.12 -0.28 -0.38 -0.38 0.73 1.65 0.94 0 -3.66 1.06 -0.88 -0.15 0.37 -1.94 -0.88 1.07 -0.37 0.89 -0.47 -1.26 -0.33
1.23 -1.83 -1.29 0.99 -3.45 -3.1 1.25 -1.54 1.94 -0.69 -1.21 -2.86 0.01 1.44 -3.01 1.68 -1.76 -1.4 -1.56 -1.28 -0.42 1.26 0 -0.5 -0.78 1 -1.22 -0.32 -0.74 0.11 4.98 2.54 7.4 0.31 1.17 -0.62 0.55 -1.2 1.05 -1.06 3.69 -1.47 -0.97 2.88 0.87 4.42 4.14 -1.12 3.61 0.73 -0.01 -2.13 -1.48 2.79 -0.02 0 -1.11 0 -1.48 -0.33 0 -1.16 -2.71 -0.71 -1.25 -0.25 1.3 0.99 0 -1.57 -2.16 -0.86 -0.18 -1.56 -0.78 -1.11 -1.4 0.79 0.29 2.45 -1.69 1.03 -1.92 0.24 -0.91 0.21 -0.47 -1.21 -2.73 -4.27 -0.51 5.4 0.09 -1.98 0.79 0.27 5.58 -1.77 1.45 -0.88 0.77 -1.39 0 0 -0.2 -0.64 -0.34 -2.11 -1.19 1.49 -0.6 0.71 4.15 0.91 -2.04 -2.6
0.3 0.25 0.75 0.12 1.08 2.82 1.16 1.32 0.98 1.41 1.06 1.85 -0.27 -0.49 2.75 0.52 0.09 2.57 0.55 0.13 -0.36 0.88 0 0.26 -0.56 -0.36 0.24 -0.42 -1.11 1.73 0.05 -0.39 0 0.37 0.04 0.24 0.09 0.76 0.05 3.32 -0.66 -0.35 0.81 0.46 0.02 0.35 -0.89 -0.4 -0.42 -0.21 2.85 -0.1 1.23 0.82 -1.95 2 0 0 1.14 2.37 0 -0.22 0.06 1.04 0.11 -0.86 1.84 0.37 0 -0.55 0.56 0.03 1.71 0.46 0.69 0.76 -0.34 -0.39 1.39 0 2 0.12 -0.68 -0.55 0.81 0.29 0.69 -1.11 1.41 0.33 0.91 -1.2 0.83 0.89 1.23 0.56 0.29 1.03 0.97 0.83 -0.88 0.64 0 -0.64 -0.47 -0.35 0.62 -0.33 1.84 -0.48 -1.62 -0.68 1.82 -1.2 -0.28 1.82
1.23 -1.83 -1.29 0.99 -3.45 -3.1 1.25 -1.54 1.94 -0.69 -1.21 -2.86 0.01 1.44 -3.01 1.68 -1.76 -1.4 -1.56 -1.28 -0.42 1.26 0 -0.5 -0.78 1 -1.22 -0.32 -0.74 0.11 4.98 2.54 7.4 0.31 1.17 -0.62 0.55 -1.2 1.05 -1.06 3.69 -1.47 -0.97 2.88 0.87 4.42 4.14 -1.12 3.61 0.73 -0.01 -2.13 -1.48 2.79 -0.02 0 -1.11 0 -1.48 -0.33 0 -1.16 -2.71 -0.71 -1.25 -0.25 1.3 0.99 0 -1.57 -2.16 -0.86 -0.18 -1.56 -0.78 -1.11 -1.4 0.79 0.29 2.45 -1.69 1.03 -1.92 0.24 -0.91 0.21 -0.47 -1.21 -2.73 -4.27 -0.51 5.4 0.09 -1.98 0.79 0.27 5.58 -1.77 1.45 -0.88 0.77 -1.39 0 0 -0.2 -0.64 -0.34 -2.11 -1.19 1.49 -0.6 0.71 4.15 0.91 -2.04 -2.6
2.66 -0.93 -1.55 1.24 2.57 -0.43 -0.35 0.63 0.47 0.27 -0.89 0.18 -0.74 -0.78 0.59 -0.12 -0.25 2.43 0.05 -0.87 -0.7 0.37 0 -0.69 0.89 0.28 0.23 -0.55 0.53 2.46 -0.03 0.76 0.67 0.53 -0.33 -0.56 -0.57 1.03 -0.85 3.36 -0.37 -1.16 0.67 0.69 -0.42 1.35 0.31 -0.5 -0.12 -0.19 2.06 0.54 1.27 0.33 0.11 1.6 -0.82 0 0 0.14 0 -0.3 1.26 0.96 -0.48 -1.87 1.78 2.51 0 -2.14 0.25 -2.17 1.51 -0.84 1.7 0.97 0.01 -0.38 1.61 -1.1 -0.14 -0.69 -0.65 0.57 1.63 -0.99 -0.85 -1.74 -1.3 -1.23 -0.21 -0.95 0.49 1.32 -0.32 -0.58 0 0.45 0.87 0.03 -0.42 -0.26 0 -0.23 0.82 -0.9 -0.28 -0.33 1.14 -0.17 -0.7 -2.33 0.24 -1.32 -1.23 1.73
-1.02 -1 0.56 -1 0.49 -3.85 2.11 -1.78 -0.94 -2.61 -0.42 -3.04 0.36 0.45 -3.72 1.43 -2.17 -2.77 -2.63 0.99 1.25 1.64 0 -0.07 1.48 0.34 -0.47 1.24 -0.9 -1.49 2.83 0.4 3.86 -2.39 0.99 -0.9 2.22 -0.14 0 -2.42 2.24 1.08 -0.26 0.45 2.19 2.48 0.29 -0.21 1.34 0.29 -1.69 0.52 -3.82 1.28 0.16 0.33 -1.64 0 -0.01 0 0 2.54 -1.93 -0.98 0.33 1.17 -2.1 1.31 0 0.38 -1.83 0.38 0.63 -0.17 -0.73 0.42 -0.89 -2.35 -0.54 2.93 -1.03 0.18 0.4 -1.12 -1.26 -1.15 0.09 -0.47 0.27 -1.45 0.74 1.78 -2.74 -4.62 0.41 1.45 3.11 -1.48 1.83 -0.85 0.18 -0.39 0 0.18 -1.45 -1.3 0.54 -0.96 -2.08 1.21 -1.22 -1.1 -0.64 -0.03 -2.27 2.95
0 -3.84 0.91 -4.96 2.3 -0.77 1.5 0.04 -0.05 -1.38 -0.92 -0.18 -1.01 0.24 -0.91 -0.29 0.51 -6.76 -0.87 0.36 -1.95 -1.9 0 -1.3 -1.11 -2.72 1.03 0.72 -0.6 -1.49 0.27 -3.98 1.96 -0.59 -3.25 0.41 1.33 1.15 -0.02 -9.67 -0.79 -0.05 -4.38 -0.2 2.73 -0.83 -3.06 -0.72 0.87 -0.59 -3.01 -1.09 -0.21 0.4 -1.14 -0.58 -0.39 0 -2.51 1.15 0 -0.6 -0.04 0.94 -0.01 -2.17 -4.08 -1.21 0 2.3 0.77 -1.93 -1.15 0.45 -4.03 0.83 -0.68 -0.66 0.01 0.7 -3.71 1 -2.13 -1.34 -1.59 0.32 1.97 -1.46 2.84 1.83 2.75 -0.94 -5 1.4 0 -0.87 1.8 1.49 1.31 -0.38 -0.88 1.23 0 -2.11 -3.06 -0.93 -3.25 -1 -3.81 -4.24 -1.28 0.52 -3.41 -2.45 -1.38 0.64
0.45 -0.77 1.61 3.89 2.05 2.62 -1.03 1 1.28 0.11 -0.47 0.36 -0.76 -3.59 0.22 -2.34 0.75 2.33 1.49 -0.84 0.98 0.53 0 1.64 1.69 1.62 1.53 -1.31 1.62 1.95 0.38 0.53 2.18 2.6 1.07 0.98 1.23 1.02 1.25 3.82 -0.02 1.34 2.44 0.94 0.72 1.29 1.25 1.7 1.71 0.71 0.09 0.03 0.25 1.62 2.59 2.58 0.23 0 1.04 -0.84 0 0 -1.16 0.93 -0.19 -1.41 2.89 0.95 0 -0.3 -0.51 0.52 1.53 0.96 3.01 0.88 -0.75 -0.99 2.05 -0.66 2.47 0 0.19 1.2 1.97 -0.55 -0.98 1.86 -2.66 -0.92 0.95 0.15 2.06 2.38 1.34 -1.37 -0.42 2.11 -0.57 -0.16 -0.16 1.21 0 0.83 1.41 0.15 -0.05 0.04 1.91 1.79 -0.24 0.52 0.7 2.13 0.77 0.63
-0.41 0.3 -1.11 -0.41 -2.02 -0.64 1 -0.15 0.85 0.14 1.17 -0.02 -0.18 1.64 1.73 1.31 1.77 -0.22 -2.37 0.82 1.4 1.81 0 0.93 0.39 0.19 0.36 0.48 -1.16 -0.45 0.63 0.52 -0.16 -0.51 1.13 -1.64 1.07 1.36 -0.33 0.6 0.89 -1.46 -1.56 0.55 0.07 1.14 0.03 -0.63 0.5 0.22 -0.12 -0.24 -0.71 0.5 -0.94 2.93 0.03 0 -1.36 2.14 0 1.8 0 -1.22 1.24 0.3 0.15 0.47 0 -0.65 1.68 -1.73 -0.06 -0.44 -1.64 -0.14 2.18 -0.8 0.13 1.24 0.08 -0.38 0.46 -0.68 -0.93 1.75 0.6 -0.42 0.19 0.95 -1.01 0.5 -0.87 -0.44 -0.76 1.64 0.13 -1.58 0.66 1.41 0.21 0.27 0 0.95 -0.51 1.07 1.46 0.97 -0.81 0 -0.98 -0.48 1.11 1.05 0.8 -0.03
-1.22 -0.34 -1.28 -0.53 -0.24 0.24 1.09 0 0.7 1.03 0.08 0.52 0.3 -0.19 1.13 0.56 1.6 1.21 0.68 0.05 -0.77 -0.53 0 -0.66 0.47 0.26 0.84 1.25 0.3 0.8 0.21 0.66 -0.37 0.04 -0.57 0.46 0 1.79 -2.49 2.18 -0.02 1.68 -0.04 0.72 0.17 -0.46 -1.43 2.25 -1.75 0.24 0.61 -0.77 0.57 0.86 -3.04 0.93 -0.83 0 -0.98 1.16 0 -0.29 1.17 0 0.38 0.66 -0.42 -2.62 0 0.47 0.13 -1.29 -0.06 0.63 -0.51 -1 1.14 1.63 0.66 -0.38 0.44 -0.34 0.79 0.06 0.1 1.52 -0.95 -0.93 0.69 0.72 -0.3 0.66 0.72 1.54 0.35 0.97 -0.98 -1.71 1.1 0.39 0.45 0.73 0 -0.05 0.41 0.06 1.16 1.58 1.91 0.49 -1.38 -1.62 0.51 -0.65 -1.62 -0.25
-0.41 1 0.05 0.62 0.45 0.36 -0.64 0.29 0.38 0.6 -1.29 -0.13 -0.52 -0.41 -0.52 -0.42 1.16 0.68 -0.73 0.59 -0.15 0.79 0 0.07 0.71 0.71 0.31 -0.5 -0.76 1.33 0.39 1.09 0.85 -1.52 0.92 -0.42 0.1 0.66 0.84 2.06 -0.21 1.14 -0.1 1.07 -0.42 -0.16 -0.56 1.15 0.28 -0.2 0.42 -0.3 0.02 1.27 0.71 1.75 -0.13 0 0.55 0.23 0 0.5 -1.16 -0.3 0 1.01 1.37 0.83 0 -2.57 2.1 0.5 0.94 0.35 1.32 0 0.15 -0.98 0.49 0.65 0.35 -0.37 0.2 0.37 0 -0.7 0.88 -0.8 -0.01 0.2 -0.23 0.12 -0.32 -0.1 0.08 1.34 -0.71 -0.6 -0.78 0.64 -1.93 0.18 0 1.52 -1.23 -0.04 0.16 0.37 0.72 0.99 0.11 -1.24 1.07 1.31 -0.16 0.74
1.6 -0.72 -0.6 2.82 0.3 1.69 0.32 1.86 0.32 0.99 1.46 0.21 -0.92 -0.45 1.17 -1.16 -2.23 3 2.07 -0.54 0.99 2.85 0 1.35 2.98 1.1 2.85 -0.42 2.32 2.1 0.66 0.69 0.24 3.76 2.95 2.61 0.68 -1.22 2.15 4.05 0.86 -0.48 1.53 0.67 -1.24 1.86 1.9 -2.92 2.54 0.73 2.33 2.06 -0.69 1.94 1.95 1.44 0.6 0 2.17 0.22 0 1.38 0.13 -0.26 -0.88 0 5.16 4.14 0 -2.98 0.53 0.14 1.34 0.44 2.77 1.86 3.11 -0.95 3.1 0 5.06 1.62 -0.58 1.62 1.41 -1.11 -2.18 0.72 -2.45 -1 -0.04 -0.94 2.36 1.78 2.2 -0.72 2.35 2.04 0.32 -0.1 0 0.39 0 2.5 0.77 1.1 0.68 -1.27 1.29 1.2 2.47 1.21 0.91 -0.29 -1.99 -0.25
5.27 -2.02 1.01 -2.6 1.73 -0.83 1.2 1.19 -1.12 -0.07 0.17 -0.25 1.3 1.42 -0.57 -0.74 1.49 -0.56 0.4 -0.18 -0.58 -2.06 0 0.43 0.96 -2.05 0.3 1.66 1.56 -1 0.78 -1.44 -1.35 0.86 0.29 1.55 0.65 0.96 -0.43 -4.18 0 0.27 -1.71 0.17 -2.82 0.37 0.11 -0.57 1.45 -0.66 -1.6 0.84 2.25 -0.07 0.38 -1.31 -0.79 0 -1.65 2.1 0 -1.24 0.15 0.78 -0.75 -3.77 0 1.9 0 0.08 1.94 -1.75 -0.16 -0.39 0.09 0.15 2.62 0.81 -0.7 0.81 -0.78 0.06 -0.64 -0.38 -1.62 -0.33 -0.11 0.22 -1.48 0.36 -1.56 0.71 -3.19 1.29 1.48 -0.32 0.71 -0.81 0.44 -1.48 0.19 1.17 0 1.91 -0.75 -0.53 -1.15 1.05 -0.4 0.11 0.86 -0.26 -1.51 0.55 -1.59 -1.02
1.08 -3.79 0.34 0.15 -2.47 2.82 -3.17 0.39 0.57 1.32 0.27 0.88 0.77 -2.95 1.98 -1.86 -1.2 2.3 1.8 -0.56 -0.02 -0.94 0 -3.07 1.81 0.63 0.9 -2.48 1.39 2.27 0.24 0.15 -1.23 3.41 1.99 -0.62 0.43 0.61 0.79 1.31 -0.65 0.16 0.05 0.18 -0.11 -0.18 -0.68 1.28 1.13 -0.56 1.66 0.67 0.79 0.69 -0.73 -0.2 -0.36 0 -2.14 -0.56 0 -0.84 -0.42 2.71 -0.83 -4.23 -0.8 0 0 0.92 0.72 0.28 2.86 -0.31 6.06 1.39 0.03 1.28 0.2 1.13 1.61 0.55 0.47 2.21 1.91 -0.79 -1.94 1.9 -0.61 0 -0.01 0.06 1.63 1.68 -0.39 -2.1 -1.13 3.54 -0.11 -1.56 -0.64 0.43 0 -0.1 -1.13 -1.09 0.1 -0.8 2.04 0.55 0.41 0.74 -0.55 0.52 -3.99 1.65
-2.21 -4.39 0.15 -3.61 0 -1.27 1.21 1.39 -0.04 0.84 2.82 -1.05 -1.84 -0.5 1.14 -0.86 -0.52 -0.2 2.15 -3.48 0.28 -2.18 0 -0.36 -0.45 -0.72 0.37 -0.16 1.93 -0.68 -0.12 -2.32 0.34 0.43 -1.21 -0.8 -0.83 1.68 0.44 0.94 -1.57 -1.17 -0.9 0.39 3.44 -1.38 -3.04 -2.26 -0.14 1.09 2.04 -0.32 -0.16 0.33 -5.01 3.55 -1.36 0 -2.32 -0.09 0 -2.54 1.24 -0.01 -1.03 -1.36 -0.93 1.95 0 3.32 -1.41 -3.01 -0.44 -1.5 -3.32 0.19 -1.17 0.95 0.57 -0.83 1.66 0 0.64 -1.1 -0.27 2.86 -3.6 -1.18 -4.55 1.3 -1.76 0.88 -1.43 1.75 2.96 -1.62 0.59 -1.67 1.72 -0.86 2.33 -0.04 0 -3.31 -0.25 0.06 -2.43 -1.02 -0.36 -1.9 -1.08 0.8 -1.29 -0.39 -6.01 -5.17
0 -1.98 -1.3 0.56 -2.48 0.49 2.73 1.82 2.22 -0.77 0.34 -0.62 0.58 2.15 2.27 1.82 -0.4 0.03 -1.24 0.66 0.96 1.37 0 0.49 0.91 -0.46 1.05 -0.02 -3.22 1.05 0.44 -0.29 -0.38 -1.44 0.3 0.14 1.73 0.18 -1.34 3.17 0.16 0.14 -0.89 0.54 -1.04 1.5 0.19 -2.05 1.37 1.02 -0.63 -0.47 -2.33 2.01 -2.02 3.23 0.11 0 2.45 1.13 -1.44 -0.95 0.24 -0.11 1.64 0.75 1.57 -1.05 0 0 0.06 0.83 1.93 1.45 0.68 2.17 2.78 -2.96 0 1.62 0.86 1.51 -0.42 -0.7 1.64 -0.21 0.65 -1.74 -1.33 -0.83 1.21 -0.96 0.59 0.21 -0.36 1.5 3.59 3.03 2.29 0.55 0.94 1.53 0 -0.08 -2.01 -0.39 -0.89 -1.07 0.28 -1.28 0.07 0.85 0.84 -1.27 0.14 -0.63
0 -1.75 1.34 -0.67 1.38 -2.8 2.74 -2.75 0.09 -1.85 0.02 -3.28 -0.61 1.21 0.53 2 -2.96 -3.2 -3.49 -1.33 2.14 3.43 0 -1.23 -1.37 0.63 0.18 -0.04 -3.11 -0.54 4.11 1.51 4.79 -2.33 1.06 -0.81 1.07 -3.31 0.06 0.95 1.76 0.13 0 1.86 1.29 3.06 -1.56 -2.04 0.74 0.3 -0.49 -2.07 -2.65 2.91 0 2.36 -0.38 0 -0.23 1.97 -0.92 1 -1.74 -0.14 -2.09 -0.32 -1.56 -0.63 0 0.6 0 0.37 2.95 -1.21 -0.81 1.51 -0.62 -0.29 0.18 5.77 -1.77 1.03 -0.98 -2.41 -1.29 -1.7 -0.69 -0.96 1.93 -1.4 0.68 2.2 -0.22 -4.12 -1.08 1.91 5.13 -1.65 2.54 -2.39 -0.98 -1.23 0 -0.75 -4.4 -2.46 -0.38 -3.4 -3.39 0.34 -0.31 -0.73 -0.29 -1.23 -7.54 2.95
0 0.7 2.11 -0.52 2.57 1.31 -2.18 0.97 0.41 0.06 1.06 0.29 -0.37 -1.19 1.18 -0.63 -3.03 2.02 3.59 -2.19 -2.15 -1.01 0 -0.31 0.91 0 1.22 -1.16 1.5 1.23 -1.65 0.47 0.15 1.49 -0.76 0.77 -0.92 2.97 0.5 3.01 -0.59 2.38 1.2 -1.18 0.7 -0.04 -1.25 2.03 1.17 -0.03 -0.8 0.26 0.62 -1.21 -1.1 1 0 0 2.02 -0.22 1.43 0.09 1.74 1.21 -0.49 0.42 1.91 -0.34 0 -1.54 -0.57 0 -0.05 -0.92 0.89 0.4 0.23 0.47 -0.23 -2.77 -0.6 -0.82 0.35 2.47 1.62 -1.44 -0.49 0.93 -1.82 0.23 0.98 -0.93 0.72 -2.03 -0.55 -0.85 0.56 1.45 -0.92 -1.65 2.45 -0.77 0 -1.33 2.44 -0.86 -1.44 -0.05 0.87 -0.44 1.42 -0.11 -0.95 -0.26 -1.12 -1.27
0 0.23 1.34 -0.67 0.85 -0.14 -0.04 -0.74 -0.84 0.51 -0.27 -1.67 -0.07 0.28 -0.36 0.27 -0.85 0.09 0.1 0.46 -1.11 0.25 0 -0.47 0.22 0.53 0.39 1.91 -0.01 -0.04 -0.31 0.3 0.79 -0.21 -0.8 0.2 -0.09 1.48 -1.97 0.48 -0.22 0.16 -0.66 -0.61 0.79 0.43 -1.21 0.75 -0.63 -0.15 0.62 0.5 0.67 -0.53 0.81 0.21 -1.02 0 -1.48 -0.62 1.5 -0.38 0.12 0.16 -0.62 -0.54 0.2 -2.51 0 -0.74 -2.92 -0.03 0 -0.18 0.33 -1 0.57 0.45 0.8 -1.05 -0.82 0.93 0 0.97 -0.25 -0.97 -2.4 0.57 1.86 -0.64 0.37 0.14 0.25 1.25 -1.14 -0.39 -0.5 -0.43 1.04 0.77 0.35 -0.35 0 0.56 0.46 -0.74 0.89 0.63 1.12 0.35 -1.26 -0.98 -0.79 -0.85 1.38 0.92
0 -1.21 0.44 0.8 2.58 3.82 1.72 1.47 3.43 1.17 0.89 0.75 0.89 1.71 4.3 -0.66 1.62 3.28 1.31 1.49 -2.29 0.11 0 -0.29 1.98 -0.35 2.47 -1.37 -0.68 2.69 -0.33 -1.08 3.62 1 0.17 0 0.77 2.83 0.03 6.55 -1.29 0.64 0.29 2.38 0.4 1.33 -2.75 2.56 1.57 0.76 3.5 -1.19 1.83 2.88 -1.91 4.61 -0.71 0 2.37 2.67 1.5 -3.08 0.4 0.52 -0.7 -3.25 3.57 0.14 0 -0.95 2.06 0.36 3.24 0 -0.98 3.68 1.3 -0.17 3.01 -0.66 3.22 0.64 -0.41 -0.13 2.76 0.28 0.04 -0.58 -2.67 -0.35 4.41 -0.7 0.73 0.63 1.55 -0.31 2.22 1.36 2.45 -0.69 0.31 2.41 0 0.77 -0.64 -0.77 -1.76 -0.45 4.03 -1.27 1.56 0.64 1.87 -0.57 -0.04 -3.64
0 -0.52 1.68 0.55 3.61 0.43 -0.21 0.33 0.8 0 1.08 0.51 0.13 0.41 1 0.9 1.32 -0.74 0.43 0.05 -0.83 -0.98 0 -1.36 -0.83 -1.06 0.36 -0.08 2.27 -1.45 -0.53 0.08 1.24 -0.65 -0.69 0.52 0.32 4.67 -2.19 0.42 -1.61 -0.1 0.56 1.32 0.73 -0.96 -1.4 1.92 -1.93 -1.8 -2.73 1.52 2.06 -0.28 1.24 0.86 -0.27 0 -1.79 0.79 4.31 -2.15 1.71 0.56 -1.12 -2.13 0.03 -6.21 0 -0.14 0.86 -0.91 -0.35 3.44 0 -0.97 1.09 1.15 0.11 -0.07 -0.2 1.03 -0.87 -0.61 -3.18 -0.59 -1.11 3.06 -0.7 0.99 -1.31 -0.05 1.24 1.05 0.34 -2.5 -2.4 -0.69 0.73 0.05 0.43 0.49 0 -2.32 -0.66 -0.67 -0.8 0.78 0.96 -0.09 1.63 -0.87 -3.68 0.16 -1.51 -1.07
0 -0.23 -0.76 -0.58 0.01 -0.38 -0.62 0.07 -1.03 -1.03 0.04 -1.4 -1.09 -0.72 -1.27 -0.32 -0.77 -1.14 0.05 -0.91 -0.61 -0.82 0 -1.11 -0.26 -0.53 0.05 -0.46 -0.14 0.64 0.03 -0.96 0.29 0.16 -0.49 0.91 -0.71 1.42 -0.66 -2.01 -0.97 -0.11 -1.23 0.39 1.35 -0.74 -1.45 -0.31 -0.05 0.07 -0.14 -0.37 -1.31 0.1 0.86 1.14 -0.52 0 -1.02 -0.39 -0.77 -0.47 -0.21 0.8 -0.37 -1.93 -0.01 -1.31 0 -1.3 -1.56 -0.92 0.94 -1.25 0.7 0 -0.48 0.23 0 -0.7 -1.35 -0.07 -0.33 0.95 0.37 -0.67 -1.47 -0.83 -0.22 -0.13 0.03 -0.38 -0.28 0.78 -0.74 -0.2 -0.95 -0.04 0.25 0.81 -0.75 -0.2 0 -1.51 -0.32 -1.09 -0.19 -0.37 -0.73 -1.14 -0.14 -0.93 -1.2 -0.1 1.21 0.29
0 -0.67 -0.31 0.84 1.24 -0.44 -0.36 -1.22 0.2 -0.4 1.43 -1.52 0.16 -0.72 -0.24 0.25 0.56 -0.94 -1.11 1.19 1.42 1.1 0 -0.25 -1.25 -0.28 1.08 -0.82 0.63 -1.48 0.7 0.53 1.99 1.37 1.12 0.13 1.05 0.35 -0.17 -1.45 0.47 -1.04 0.27 0.16 -1.39 -0.5 0.62 -1.04 -0.27 -1.28 0.21 -0.12 0.02 0.01 0.19 1.46 0.86 0 -0.03 0.95 0.66 1.81 -2.14 -1.12 0.08 -2.5 -2.46 0.31 0 -2.52 0.69 -0.26 -0.58 0.33 -1.08 0.33 0 -1.93 -1.81 1.41 0.51 1.43 -0.64 -0.86 -1.76 -0.66 1.57 1.73 1.6 -1.67 -0.82 -0.88 1.1 -1.04 0 -0.77 0.56 0.27 0.08 -0.41 -0.52 -0.22 0 0.48 -0.69 -0.18 1.54 1.62 0.1 0.32 0.79 -0.15 0.16 1.06 -0.68 0.32
0 -0.34 0.15 -0.12 -1.37 1.74 2.05 0.49 -0.21 -0.06 2.74 2.4 1.02 3.94 4.87 0.79 0.32 1.78 -0.85 -1.24 0.45 0.89 0 0.36 -0.25 0.3 1.03 0.83 -0.43 -0.69 0.03 -0.19 -1.06 0.22 -1.47 -1.09 0.03 -0.34 -0.89 2.75 0.32 -1.17 0.78 -0.05 -0.48 0.49 -0.8 -1.71 -0.1 1.07 1.64 -0.21 0.07 -0.78 -3.17 0.26 0.4 0 0.58 2.94 0.52 1.08 0.8 -1.39 0.93 0.79 0.01 -1.28 0 3.06 0.46 -0.44 0.11 -0.06 -0.77 -0.11 2.23 0 -1.06 -0.3 -0.16 1.3 -0.14 0.2 0.58 1.05 -2.32 1.19 0.43 -0.87 -0.33 -0.19 2.88 -0.32 0 -0.35 1.81 2.09 1.98 -0.13 1.58 -0.84 0 -2.85 -0.67 0.71 -0.09 0.03 0.92 -0.95 -1.96 1.06 1.79 -2.36 0.22 0.4
0 -1.79 0.08 -0.85 -0.46 0.31 0.73 0.09 0.75 -0.18 0.13 -0.44 -0.17 1.24 0.37 -1.19 0.52 0.83 1.62 -0.05 -2.18 -0.63 0 -0.71 0.49 -0.74 -0.32 0.33 0.8 0.62 -2.16 -0.3 0.42 1.28 -3.33 0.57 -0.15 0.61 -0.5 1.77 -2.31 -0.06 0.32 -0.81 -0.04 -0.53 -2.19 0.65 -0.94 -1.26 0.8 -1.67 1.07 -1.04 -0.85 -0.15 -1.04 0 -1.61 0.56 0.06 -1.44 -0.3 -0.71 -0.5 -2.89 0.81 0 0 0.67 -0.19 -0.2 -0.74 0.02 -0.22 0.37 1.67 1.27 0 -1.51 0.87 -0.81 -1.01 -0.29 0.13 -0.82 0.83 0.48 0.3 0.22 0.52 -1.13 -0.6 1.87 0.99 -1.05 0 0.01 -0.32 -1.32 -0.24 0.19 0 0 0.27 -0.61 -1.04 0.3 1.97 -1.88 -0.05 -0.09 0.43 -0.56 -2.13 -1.67
0 -1.65 1.32 0.88 0.43 0.29 0.07 -0.62 1.58 -1.15 0.91 0.48 -0.97 1.04 -2.33 0.8 -4.78 -0.36 -0.26 0 -0.22 0.74 0 -0.76 0.27 1.66 0.64 -0.71 -0.87 1.89 1.25 1.5 0.28 -0.89 1.06 0.24 -0.55 0.57 0.14 1.11 1.15 1.94 -0.19 0.97 -0.91 1.01 -1.22 1.07 0.96 0.77 -1.7 -2.27 -1.54 1.11 -0.26 -1.76 0.07 0 1.15 -2.25 -1.05 1.05 -1.21 0.42 -0.65 -0.84 -0.2 -1.14 0 -2.18 -5.75 2.59 1.29 1.07 0.23 0.57 -1.16 0.34 1.51 0 -0.93 0.77 -0.44 1.9 0.75 1.27 -1.63 0.65 2.05 -0.6 0.44 -0.27 1.24 -1.3 -3.23 0.37 2.14 -0.24 0.29 -0.77 -1.83 -0.53 0 0.19 -2.14 -1.65 0.85 -0.14 0.72 -0.39 -0.46 -0.2 -2.24 0.28 -0.44 4.33
0 -1.98 -0.97 -1.22 -1.47 -0.55 0.69 -0.24 0.72 1.53 0.19 0.38 1.26 -0.33 0 -0.09 2.08 1.15 -0.03 -1.54 0.02 1.1 0 -0.47 -0.49 -1.15 -0.38 1.35 0.85 -0.35 0.66 -0.14 2.5 -0.43 0.86 1.13 0.74 -0.08 -0.68 0.82 -0.05 -0.86 0.36 0.44 -1.52 2.03 -0.24 -0.87 1.12 -0.76 1.7 -0.65 2.14 -0.18 0.87 1.69 -1.15 0 0.3 1.04 4.61 -0.86 0.22 -0.2 0.26 -3.66 0.77 -0.94 0 0.69 2.14 0.8 0.85 -0.56 0.3 1.47 -0.44 1 -0.87 1.54 0 -0.51 -0.2 0.3 -1.18 -0.14 -1.08 0.4 -1.43 -0.3 0.94 0 -1.35 -0.98 0.91 0.76 1.62 -1.52 -0.41 -0.21 -0.44 0.7 0 1.68 -2.02 -1.06 0.39 -0.46 0.89 1.05 1.54 -0.71 0.93 0.02 -1.26 0.91
0 -0.88 -0.8 0.38 0.42 1.48 0.01 1.06 0.28 -0.04 -1.02 1.53 -0.3 -0.52 -0.52 -1.09 -1.17 0.29 0.23 0.15 -0.43 0.66 0 -0.47 -1.34 -1.07 -0.32 -0.7 -1.17 0.79 -0.51 0.03 0.13 0.55 0.21 0.33 -0.47 -0.35 -0.22 1.76 -0.5 -0.09 0.21 0.36 -0.95 -0.1 0.05 -0.77 0.24 0.44 1.4 -0.26 -0.46 1.01 0.14 -0.17 -0.26 0 0.77 0.33 -0.95 -1.17 0.03 0.27 -0.02 -2.26 0.63 -0.7 0 -1.37 -0.96 0.25 -0.37 0.8 -0.88 0.32 -1.18 -1.43 0.98 -0.96 0.98 0 -0.31 -1.83 0.52 -0.29 -0.83 -0.3 -0.78 0.38 -0.27 -0.22 1.73 2.14 0.62 -1.52 -0.29 2.21 0.19 -0.34 -0.09 -0.05 0 -1.72 0.56 -0.33 -0.98 -0.93 0.94 -1.29 -1.33 0.48 1.23 -0.35 0 0.68
0 1.11 -0.31 0.59 -1.32 1.79 0.59 -0.09 0.91 1.27 -0.94 -0.69 -0.43 1.14 1.11 0.21 0.33 1.33 0.16 -0.58 -0.88 0.64 0 0.62 0.66 0.7 0.52 0.63 0.91 0.81 0.42 0.11 -0.55 0.02 -0.22 -0.66 1.52 -1.73 0.95 1.54 0.76 -1.17 0.7 0.35 -0.04 0.77 0.39 -1.19 0.75 0.25 2.35 0.32 0.2 0.76 0.9 2.53 0.68 0 0.78 0.3 1.84 0.01 -0.37 -0.65 -0.19 0.62 1.39 -0.51 0 -0.2 1.03 -0.28 0.38 -0.22 1.14 0.25 0.92 0.12 1.08 0.46 0.89 0 0 1.74 0.6 -0.81 0.5 1.51 2.85 -1.01 -0.28 -0.25 -0.21 -1.41 0.32 0.27 0.57 0.34 0.4 -0.75 -1.33 -0.17 0 -0.41 -0.88 0 0.21 -0.97 1.31 0.65 -0.38 0.26 1.63 0.91 -0.77 0.5
0 2.36 1.73 -0.01 0.65 3.57 -1.68 -0.08 0.03 1.05 0.7 1.55 -0.45 -2.93 3.04 -1 0.15 2.57 1.67 0.19 -1.92 -0.07 0 -1.34 -0.02 -0.56 1.05 -0.71 1.55 1.7 -1.2 -0.5 -1.75 1.49 -2.21 -0.52 0.34 1.16 1.2 2.92 -1.46 0.16 1.2 -0.71 1.46 -0.99 -0.64 1.69 -0.63 -0.97 2.98 0.9 2.91 -1.06 0.88 0.43 0.57 0 -0.35 1.69 1.14 -1.04 0.71 0.09 -0.37 -1.67 1.19 -2.25 0 0.41 2.45 -2.27 -0.39 -0.2 0.9 -0.94 1.11 -0.21 0.44 -1.84 0.43 1.68 -1.73 0 0 -1.6 2 1.33 2.01 1.26 -1.76 -1 0.77 0.96 0.79 0.96 -2.66 0.92 0.01 -0.59 0.35 0.75 0 -1.18 0.61 0.35 -0.18 2.1 1.27 -0.4 -1.08 -0.78 0.83 -1.33 1.32 -0.89
0 1.1 -0.76 -1.06 0.43 0.32 -0.43 0.59 0.62 0.54 0.04 -0.15 -1.16 0.65 1.23 0.6 2.75 -0.16 0.2 -0.01 -1.22 -0.34 0 0.19 0.58 -0.41 -0.23 0.72 0.19 -0.34 -0.89 -0.33 -1.18 -0.37 -0.89 -1.45 0.03 2.13 -0.46 1.42 -0.4 -0.73 -0.2 -0.1 -0.25 0.6 -0.89 0.48 0 -0.6 0.48 -0.25 2.07 -0.11 0.5 0.98 -0.32 0 -1.63 1.27 1.79 -1.12 0.9 -0.07 0.2 -0.82 1.68 -1.65 0 -0.82 1.37 -1.74 0.27 -0.74 3.05 -0.45 1.7 -0.22 -0.15 -0.62 1.2 -0.31 -0.33 0.1 0 -0.77 -0.62 -0.09 0.84 1.18 -1.03 -0.06 -1.41 0.93 0.3 0.5 -2.28 -0.69 -0.05 -0.72 -0.81 0.43 0 0.06 -0.01 0.28 -0.3 0.91 0.47 -0.11 -0.29 -0.59 0.13 -0.04 1.86 -0.42
0 0.54 -0.02 1.03 -3.3 1.98 1.01 0.49 1.65 0.96 0.28 -0.75 0.33 -1.09 -2.37 -0.2 0.7 -0.25 -0.88 1.6 0.58 0.52 0 0.07 0.4 0 0.09 1.18 -0.24 2.09 0.96 0.78 0.03 1.26 2.28 -0.19 1.83 -1.12 0.13 1.7 0.82 0.95 0.47 0.44 -1.11 0.92 1.1 0.04 0.82 0.72 1.26 1.25 -2.72 1.48 0.67 0.78 -0.28 0 1.35 1.96 -0.39 0.54 -1.45 -1.07 0.69 0.81 1.41 0.81 0 -0.31 1.89 1.43 1.68 -1.2 1.04 0.95 1.16 -0.99 1.17 -1.1 1.08 0.15 0.8 1.59 1.26 0 -0.51 1.02 -1.32 -0.41 0.07 0.78 0.72 -0.67 1.15 3.23 0.37 1.84 0.73 -0.72 -0.61 0.34 0 1.05 -2.04 0.91 2.57 0.32 1.99 -0.07 -1.42 0.49 1.51 0.68 -0.16 1.92
0 -2.2 -1.45 0.3 3.6 1.9 0.19 0.59 -0.25 0.67 1.49 0.15 -0.15 -0.62 -0.26 0.11 0.5 0.5 -0.98 1.41 0.15 1.24 0 0.74 0.24 1.42 1.21 -1.87 -2.79 1.76 1.42 0.87 0.04 -0.67 0 2.22 -0.36 -0.17 0.41 2.86 -0.56 -0.41 -0.38 0.59 0.99 1.7 -2.08 -2.05 0.92 1.32 0.59 -2.15 -1.32 1.68 -2.73 1.51 -0.76 0 1.25 0.87 -1.75 0.56 -0.62 1.09 -1.02 1.24 1.3 1.74 0 -0.78 0.88 0.2 2.97 0.27 1.39 1.88 -0.92 2.1 -0.25 1.44 1.92 0.87 -0.67 -2 1.16 0.34 0 -2.23 -2.01 0.47 2.71 -1.45 1.19 -1.55 -1.33 -0.64 2.33 -0.84 1.76 -1.95 -1.02 1.81 0 -0.04 -1.31 -0.66 -1.34 -0.34 0.58 -1.74 -1.17 0.17 0.51 -1.6 -1.66 -0.13
0 -1.95 -0.68 0.69 1.2 1.9 0.66 0.39 -0.73 -1.69 0.28 0.23 -0.21 -0.25 2.24 1.1 0.05 -0.63 -0.13 2.19 -1.02 -1.35 0 -0.12 -2.76 -1.86 -0.02 -1.5 -1.68 -1.56 -1.69 -2 0 1.15 -3.05 -0.91 -0.45 0.68 -0.91 2 -1.55 -1.27 0.23 -0.65 0.53 -1.1 -0.99 -0.82 -0.84 -0.28 0.14 -1.83 -0.11 -0.63 -3.17 2.03 0.75 0 1.74 1.08 1.5 -2.39 -0.11 0.78 0.24 -1.75 0.56 -2.05 0 2.25 0.87 -1.36 0.08 2.07 -2.6 1.12 -1.25 -1.54 -0.17 -0.93 0.3 0.3 -1.91 -1.57 0.42 -1.29 2.14 0 3.36 0.14 2.39 -2.59 -0.74 -1.16 -1.2 -1.01 0.24 1.73 0.32 -0.51 -0.81 0.82 0 -2.86 -2.76 -0.81 -2.46 -0.12 -0.59 -2.23 -0.42 0.88 0.44 -1.22 -0.79 -0.68
0 0.57 3.78 -0.39 4.62 2.26 0.25 2.03 2.4 0.18 0.15 2.69 0.84 2.18 2.01 -0.1 -0.73 6.7 2.69 -0.51 -0.42 2.12 0 1.85 0.82 -0.2 2.01 -0.7 -1.99 4.3 -2.17 1.61 3.63 3.33 -1.88 1.38 0.84 2.84 1.98 7.05 0.19 3.95 1.26 1.25 1.07 0.75 0 4.49 -0.2 -1 4.24 -1.19 2.88 0.5 -1.14 4.72 -0.92 0 2.81 2.01 -2.17 2.56 0.7 0.58 0.68 2.07 4.03 1.22 0 0.36 -0.77 2.62 0.33 0.85 2.2 1.5 -0.05 -0.04 1.19 -1.09 3.64 0 -2.11 -1.23 0.81 1.58 2.06 -3.52 0 1.28 1.59 0.23 0.78 1.31 3.37 0.26 2.13 1.43 0.14 3.37 0.37 1.33 0 5.79 0.97 -1.26 -0.06 1.53 3.78 1.27 0.37 -1.99 1.1 0.69 1.35 0.05
0 -0.04 -0.24 -0.41 -1.59 0.24 0.93 -0.31 0.9 0.82 1.01 -0.19 1.04 0.99 1.07 0.03 1.88 1.05 -1.28 1.61 0.04 0.73 0 0.25 0.17 -0.38 1.34 0.21 -0.73 0.83 0.39 1.03 1.12 1.15 2.17 0.61 0.29 2.14 -0.69 3.43 0.96 0.34 -0.39 1.41 -0.77 1.05 -0.03 0.47 -0.43 0.54 0.9 0.13 -0.58 0.81 0.83 4.93 -0.32 0 1.57 2.27 -1.88 0.88 -0.73 -0.38 -0.19 0.66 0.77 -0.21 0 0.46 1.62 -0.15 1.4 -0.06 -0.42 0.45 2.1 0.86 0.19 0.66 1.29 -0.48 0.95 -1.21 -0.53 0.4 -0.58 -0.56 -1.05 0 1.03 0.56 1.02 0.51 1.01 1.12 0 -0.24 1.19 2.25 0.95 1.34 0 1.1 0.09 0.32 1.24 1.45 2.03 0.2 0.77 -0.16 1.5 1.1 1.03 -0.86
0 0.5 -1.11 -1.01 2.63 -0.8 0.8 0.58 -0.71 -0.31 -1.58 -2.29 0.02 0.1 -0.58 1.07 0.64 0.12 -0.21 -1.32 -0.69 0.34 0 1.43 0.76 1.18 0.35 1.37 0.24 -0.22 -0.01 -0.42 -3.7 0.91 -0.28 -1.16 -0.45 0.94 -0.99 0.95 -0.06 -1.17 0.53 -0.09 0.92 0.75 -0.01 -0.74 -0.28 0.96 0.35 0.61 0.38 -0.02 1.18 0.52 -0.22 0 0.27 -0.74 -2.74 0.18 1.02 0.38 0.54 0.79 1.54 0.47 0 0.36 -0.57 -1.11 -0.37 -1.76 1.24 0 0.77 0.97 -0.49 -0.21 -0.93 0.84 0.71 2.49 1.05 0.74 -2.06 -1.96 0.24 -0.25 0 0.45 -1.07 -0.14 -0.7 0.88 -0.44 -1.73 0.78 0.61 0.75 -0.21 0 -0.17 -0.33 0.6 -0.52 0.38 1.14 -0.26 -0.38 -0.13 0.42 0 1.41 -1.82
0 -0.24 0.23 0.59 -1.27 1.86 0.05 0 1.02 -0.32 0.47 -0.23 0.34 0.19 -0.08 -0.65 -3.88 -1.27 0.21 1.21 0 -0.65 0 -1.43 0.38 -0.01 0.61 -0.25 0.83 -0.05 0.02 -0.45 -0.07 2.15 1.11 0.56 -0.29 -0.61 0.93 0.56 0.31 -0.63 0.83 0.51 -1.38 0.41 0.56 -0.44 0.77 0.62 0.22 -0.95 -2.59 0.73 2.41 -3.59 1.2 0 1.27 -0.57 0.86 -0.15 -0.3 -0.34 -0.09 0.65 0.47 -0.03 0 0.47 -1.74 0.95 0.63 0.18 0.54 0.62 1.43 0.21 1.47 0.35 1.03 0.08 0.25 1 0.58 -0.78 1.38 2.35 0.13 -0.57 0.33 0 0.77 1.28 -0.68 -0.47 1.42 2.01 0.57 -0.07 1.47 -0.27 0 -0.07 -0.36 -0.64 0.39 0.8 0.75 -1.5 0.68 2.03 1.78 0.25 0.84 0.32
0 -0.58 -1 0.09 1.46 0.6 0.44 2.75 2.4 2.07 -1.78 -1.31 0.23 -0.6 1.58 1.44 0.38 1.71 0.08 -1.38 0 -1.27 0 1.38 -1.51 -0.05 0.65 3.4 1 -1.94 -1.34 -1.26 -1.12 0.01 0.57 -0.33 -1.09 0.7 -0.79 1.14 0.26 -1.69 1.14 -1.44 0.41 1.28 0.44 0.39 1.46 1.14 1.46 -0.86 0.41 -0.27 0.78 0.02 -0.45 0 -0.54 2.76 5.51 -1.26 0.95 -0.71 0.56 -1.75 3.23 -1.45 0 0.14 0.25 -0.74 -0.27 1.39 -1.24 0.08 -1.1 -2.68 0.51 -1.13 1.41 -1.86 0.54 -0.54 1.4 -0.27 -0.9 1.01 0.61 -0.56 1.03 -0.28 0 1.72 0.75 -1.5 -0.53 -0.05 -0.15 0.64 0 -1.04 0 -2.43 -1.22 0.87 -0.65 -0.11 1.57 -0.69 -3.13 0.57 -0.02 -0.41 2.46 -1.17
0 -0.64 0 -1.23 -2.01 1.1 2.66 0.28 4.31 1.56 0.83 1.76 2.09 1.2 2.68 -0.31 1.96 0.36 -0.39 -1.41 1.53 4.31 0 0.04 1.56 -0.09 1.23 2.29 0.39 -0.31 -1.21 -1.09 0.5 0.86 0.85 1.05 1.73 -0.17 -3.43 1.29 1.93 -2.29 -0.41 -0.04 -2.25 1.75 -0.03 -3.45 -1.53 -0.38 2.19 0.28 -0.67 -0.43 -0.17 2.14 -0.65 0 -1.31 4.56 -1.58 -1.89 0.33 -1.54 0.14 -1.54 -0.94 -1.58 0 0.4 4.14 1.73 -1.11 1.23 -1.02 -0.89 1.02 0.54 -1.9 1.34 1.13 -2.26 1.53 -0.86 -0.88 1.08 2.09 1.38 -0.05 -0.19 0.23 -1.02 -1.66 0 2.61 -0.85 -0.44 -0.79 -0.74 0.33 2.19 -1.33 0 0.35 -1.2 -0.65 3.63 2.33 2.54 0.54 0.11 0.49 1.43 -0.21 -0.64 -3.06
0 0.3 -1.94 -0.93 -3.74 -1.94 2.31 -1.51 0.49 -1.76 0.3 -0.79 2.05 0.87 1.62 0.87 0.07 -0.55 -1.54 -1.9 1.97 2.34 0 -0.92 -0.24 0.09 -1.07 0.32 0.55 -1.26 1.33 1.24 1.4 -0.56 0.76 -0.03 1.11 0.78 -0.21 -2.17 1.76 -1.26 1.01 0.57 1.84 1.8 1.12 -1.59 1.6 0.39 -0.18 -0.08 -1.53 0.89 -0.68 -0.72 -0.91 0 0.25 -0.34 0.43 -0.43 0.87 -0.35 0.17 -1.52 -1.4 0.7 0 1.01 1.12 0.59 1.09 -0.58 -0.36 0.47 -0.05 0.3 -1.21 3.59 -0.83 -0.75 -0.02 -0.55 -0.39 -0.75 1.89 1.38 -2.14 -0.6 0.6 1.3 -0.77 -2.79 0 0.8 2.83 1.48 -0.37 -1.61 1.4 -0.69 0 -0.78 0 -0.95 -1.76 -1.68 -1.62 0.41 0.78 0.25 0.32 0.36 -1.57 2.23
0 1.08 2.01 1.03 1.08 0.25 -0.58 -1.82 -0.72 -1.79 0.7 -0.98 -1.13 2 -1.65 -0.92 -2.84 0.24 0.71 1.4 -0.74 1.08 0 -0.06 1.92 0.65 0.53 -1.39 0.04 -0.55 -0.25 0.88 -0.1 -0.42 -0.04 -0.53 0.71 0.5 0.02 1.56 0.33 1.98 0.62 1.09 -0.65 0.97 1.48 0.16 -0.75 -1.33 1.01 0.76 -0.9 -0.88 0 0.05 -0.58 0 0.5 -1.05 0.43 1.96 -1.63 -1.01 -1.36 1.12 0.69 2.17 0 -2.31 -2.06 0.83 0.49 0.01 2.55 -0.19 0.85 0.36 0.78 -0.42 -0.37 1.19 -0.25 -1.02 -0.5 -3.41 0.48 0.57 0.71 -1.18 -0.83 0.57 1.56 0.76 -0.67 0 1.44 0.6 -0.34 -0.99 -1.15 -0.32 0 1.44 0.89 -1.54 1.61 0.98 0.96 0.02 -0.41 -1.96 -0.36 1.07 -1.21 2.07
0 -2.59 -0.05 0.41 1.77 -1.21 -2.46 2.26 2.32 -1.96 -0.95 -0.63 -2.54 -1.39 -1.49 -0.66 -1.6 1.34 0.48 -0.1 -0.16 -1.88 0 -1.54 1.1 -0.54 2.48 -1.32 -0.9 -1.83 -1.98 -2.95 0.03 -0.15 -0.6 -0.47 -0.43 1.19 -0.65 0.79 -1.79 3.13 1.43 -1.42 0.71 1.52 -2.31 4.06 0.98 0.57 -2.34 -0.46 -4.23 -1.43 1.08 -3.63 0.02 0 0 -1.58 -3.28 0.64 1.52 2.9 1.96 -2.94 0.21 -1.6 0 -5.06 -3.41 -2.18 0.92 2.76 3.01 0.98 -0.86 -3.09 0.01 -1.48 -0.07 -1.29 -0.16 2.72 3.03 -0.84 0.05 -1.13 0.33 1.26 2.16 -2.2 0.53 1.43 -4.4 -1.92 0 0 0.11 -1.28 -2.67 -0.2 0 -3.27 0.01 -0.4 -1.31 -0.09 0.58 -1.6 1.74 -1.09 -3.58 0.51 2.01 2.28
0 -1.44 0.23 -0.84 2.27 0 0.85 1.52 1.73 0.52 -1.11 -1.13 -0.15 0.53 1.09 0.8 1.66 1.26 -0.37 1.07 -0.39 -0.43 0 -1.26 -0.59 -1.48 1.35 -0.08 -1.58 -1.38 -1.4 -1.42 -0.5 -0.47 -0.45 -1.33 -1.33 1.03 -1.07 0.87 -0.99 0.35 -0.02 -0.4 0.61 0.7 -1.8 1.79 0.01 -0.02 -0.3 -0.99 -0.53 -0.71 0.54 1.75 -0.34 0 -0.41 1.42 -1.39 -1.08 1.58 1.8 0.89 -1.36 0.83 -3.27 0 -1.97 1.81 -1.58 0.42 2.43 0.63 0.05 -0.3 -1.67 0.02 0.48 1.46 -1.96 0.04 -0.54 0.71 -1.24 1.87 -1.31 0.65 1.1 1.73 -1.41 0.01 0.89 -1.56 -0.57 0.07 0 0.76 0.86 -1.22 1 0 -1.3 -0.61 -0.83 -1.22 0.34 1.62 -0.49 0.28 -1.5 -0.25 -0.53 1.7 0.16
0 -1.24 -0.26 -0.02 -1.78 -0.92 -0.72 -0.41 0.93 -0.49 -1.02 -1.52 0.36 1.99 -2.07 -0.28 -1.59 -0.43 -1.12 0.32 0.04 -0.04 0 0.02 0.37 0.28 0.53 0.5 -0.95 -0.54 -0.21 -0.77 0.07 1.26 0.05 -1.49 0.33 0.28 -0.05 0.55 0.57 0.64 -0.38 0.07 -0.98 -0.01 -0.21 2.29 -0.37 0.17 -1.06 -1.06 -1.69 0.41 0.1 -1.13 -0.73 0 -0.87 -1.58 -1.35 1.09 -0.87 -1.15 0.7 -0.25 -0.2 0.23 0 -1.67 -2.54 0.5 -0.92 -0.56 -0.79 -0.26 0 -1.86 0.32 -0.34 0.51 -0.03 -0.4 0.05 0.05 -0.42 -1.44 -0.04 1.11 -0.89 -0.66 -0.27 0.04 0.7 0.17 0.08 0.63 -0.66 0 0.61 -1.54 -0.46 0 1.23 -1.76 0.03 0.54 1.76 0.35 -0.31 -0.54 0.01 0.47 1.03 1.04 0.67
0 -0.66 -0.29 0.33 -0.03 -0.75 0.22 0.14 1.33 -0.05 -0.38 0.03 0.24 0.42 0.69 -1.49 0.38 1.44 -0.21 -1.19 0.38 2.31 0 1.81 3.27 1.12 -0.09 0.06 0.81 0.05 -0.1 1.01 0.85 -0.54 0.77 0 1.21 0.47 0.39 -0.39 1.88 1.28 -0.31 0.31 -0.05 1.37 0.97 -0.96 0.92 -0.37 -0.9 0 -0.47 0.45 -0.65 0.97 -0.94 0 -0.32 0.95 -0.47 0.81 -1.49 -0.58 -0.68 0.68 1.59 1.6 0 -1.42 2.25 1.65 -0.94 0.31 -0.11 -1.54 0.34 0.08 0.93 0.72 0.35 -0.27 0.82 0.6 0.51 0.86 1.88 -0.22 -2.84 -2.51 -0.85 0.13 -0.71 -0.63 1.61 1.01 2.05 -1.11 -1.15 0 -0.85 -0.41 0 2.03 1.62 0.02 0.12 -0.25 -0.19 1.5 -0.25 -0.94 -0.05 1.22 -1.6 -0.5
0 -0.39 -2.39 0.59 -2.95 -0.38 2.16 1.08 1.54 -0.24 -0.82 -0.61 0.92 1.79 0 1.84 0.39 -1.39 -1.54 -0.09 2.56 0.51 0 0.42 0.01 0.28 -0.41 0.42 -0.1 -1.97 0.95 -0.42 -0.7 1 1.1 -1.12 1.04 -3.28 0.27 -0.91 1.58 -1.13 0.8 -0.36 -2.54 1.76 1.37 -3.27 1.97 1.82 -1.33 -0.16 -3.19 0.57 -1.64 -0.39 1.11 0 0.4 0.11 0.67 0.73 -0.23 -0.46 2.02 0.38 0.1 0.76 0 -1.05 0.96 -2.46 -0.25 0.52 -0.37 0.56 0.58 -1.5 0.16 1.9 0.7 -0.06 1.48 -0.26 0.83 0.91 1.26 0.64 0.59 -0.76 -0.67 -1.29 0.06 -2.26 -1.29 1.12 1.52 1.27 1.45 0.72 0 -0.2 0 -0.53 -1.26 0.89 0.51 0.59 -0.2 0.07 -0.04 2.21 2.02 1.12 0.43 0.49
0 -0.66 -1.16 -0.39 0.14 -0.71 0.9 -0.62 0.88 -0.45 -0.15 -1.18 0.46 0.64 0.54 0.61 1.31 0.08 -0.57 0 -0.55 0.37 0 -0.17 -0.38 -0.33 0.24 0.52 -1.44 -0.9 -0.46 -0.12 -0.66 -0.18 0.04 0.23 0.07 0.96 -1.59 2.03 0.08 0.13 -0.54 0.05 -0.08 0.5 -0.15 0.38 -1.06 -0.15 -1.09 0.18 -0.13 0.25 -1.03 1.48 -0.24 0 0.26 0.45 -1.27 -0.54 -0.41 -0.75 -0.12 -0.07 -0.94 -0.21 0 -0.69 1.25 0.47 0.39 -0.38 -0.54 0.16 0.15 1.16 -0.2 0.58 -0.56 0.28 0.31 -0.58 -0.42 0.13 -1.43 -0.54 0.05 -0.91 0.26 0.73 0.93 1.33 0.52 0.18 1.17 -0.94 0.47 0.03 0.14 0 0 0.49 0.76 -0.26 -0.04 0.19 0.85 -0.77 0.22 -1.11 0.97 -0.72 0.43 -0.8
0 -0.66 -1.16 -0.39 0.14 -0.71 0.9 -0.62 0.88 -0.45 -0.15 -1.18 0.46 0.64 0.54 0.61 1.31 0.08 -0.57 0 -0.55 0.37 0 -0.17 -0.38 -0.33 0.24 0.52 -1.44 -0.9 -0.46 -0.12 -0.66 -0.18 0.04 0.23 0.07 0.96 -1.59 2.03 0.08 0.13 -0.54 0.05 -0.08 0.5 -0.15 0.38 -1.06 -0.15 -1.09 0.18 -0.13 0.25 -1.03 1.48 -0.24 0 0.26 0.45 -1.27 -0.54 -0.41 -0.75 -0.12 -0.07 -0.94 -0.21 0 -0.69 1.25 0.47 0.39 -0.38 -0.54 0.16 0.15 1.16 -0.2 0.58 -0.56 0.28 0.31 -0.58 -0.42 0.13 -1.43 -0.54 0.05 -0.91 0.26 0.73 0.93 1.33 0.52 0.18 1.17 -0.94 0.47 0.03 0.14 0 0 0.49 0.76 -0.26 -0.04 0.19 0.85 -0.77 0.22 -1.11 0.97 -0.72 0.43 -0.8
0 -2.58 1.33 2.17 2.85 1.45 -0.54 -0.79 -0.93 -1.09 1.5 2 -1.5 -0.68 1.55 -2.33 -1.49 -0.14 2.86 -1.49 -0.98 1.18 0 -1.65 0.09 -0.11 0.06 -2.01 1.96 0.34 -0.14 1.51 3.08 0 0.26 2.25 3.8 -0.01 0.76 0.23 -0.3 0.27 1.03 1.08 0.46 -0.63 -0.8 0.07 0.82 -1.53 0.29 2.02 1.47 -0.15 3.7 0.86 0.61 0 0.15 0.25 1.66 -0.49 -0.93 0.01 -1.58 -2.3 -1.35 0 0 -0.65 0.65 1.33 -0.41 -2.08 2.41 1.16 -0.35 2.92 -0.09 -0.26 -1.16 1.32 0.41 1.18 -0.04 -1.13 -0.32 2.49 -5.73 -1.25 0.25 0.07 2.5 -0.46 0.92 -1.43 2.1 1.36 -1.54 -1.94 0.52 -0.63 0 0 -0.62 -0.9 0.48 -0.72 -1.03 -0.56 2.37 0.58 -2.34 0.67 -2.66 -0.32
0 -0.41 -0.15 0.04 0.15 2.85 2.19 1.94 2.91 1.89 2.15 0.36 2.1 2.88 4.29 1.18 2.75 -0.02 -0.07 -0.27 0 1.24 0 0.08 1.29 -0.35 1.33 1.38 1.81 0.78 1.26 -0.17 1.09 0.19 1.54 1.27 1.52 0.6 0.78 1.61 1.4 -2.13 0.61 0.82 -1.73 2.46 1.04 -2.21 2.84 2.32 2.61 0.18 0.56 1.39 -0.77 2.33 0.63 0 0.21 3.17 3.29 -1.39 1.24 0.42 1.52 -0.93 2.75 1.38 0 0.91 5.05 -1.53 1.06 -1.56 1.86 1.13 2.23 1 0.59 2.52 3.86 -0.45 1.17 -0.3 1.26 2.13 1.25 2.46 -0.96 0.07 1.89 0.54 2.58 2.02 1.32 -0.31 0.96 2.05 2.57 -0.81 2.26 0.37 0 0.97 0 0.75 2.92 1.69 1.36 -0.93 1.77 2.93 1.88 0.3 0.74 -0.89
0 0.66 -0.72 0.49 -0.68 1.36 0.73 0.76 1 0.37 -0.28 -0.03 0.61 0.61 0.97 -0.05 1.31 0.96 -0.81 0.92 -0.02 1.66 0 -0.03 -0.29 0.28 0.63 0.09 -0.3 1.88 1.06 0.52 0.85 0.79 0.53 0.36 1.37 -0.8 0.85 1.73 0.46 -0.51 0.41 1.2 -1.46 0.88 0.96 -0.93 0.28 0.24 1.24 0.37 -0.45 2.21 0.81 1.52 0.3 0 1.13 2.07 0.62 -0.04 -0.86 0.17 0.08 -1.13 1.59 1.07 0 -0.38 2.55 0.96 1.32 -0.26 1.08 1.1 0.65 -0.75 0.79 1.69 1.92 -0.02 -0.33 -0.35 0.16 -0.96 0.4 0.27 1.8 -0.39 -0.03 0.62 -0.42 0.83 1.33 1.56 0.15 1.34 0.06 0.11 -0.67 0 0 0.91 -0.59 0 0.75 -0.11 1.5 0.15 -0.15 0.09 2.12 0.58 -0.56 1.24
0 0.9 1.35 0.73 1.93 2.41 -2.26 0.02 -0.92 -0.11 -0.1 -0.99 0.84 -1.73 1.11 -0.83 0.52 0.42 0.65 -0.17 -0.03 1.26 0 -0.47 -0.12 -0.71 0.06 -0.43 1.18 -0.47 -0.75 0.4 -0.55 0.14 0.98 0.27 0.43 3.5 0.14 -0.23 -0.08 0.74 -0.39 -0.14 1.47 0.14 -0.57 0.4 -0.14 -0.87 -0.81 0.6 1.36 -0.14 0.17 0.73 -0.68 0 0.2 -0.1 2.91 0.49 -1.44 -1.2 -0.16 -0.4 1.56 -0.16 0 0.42 0.29 1.42 -0.75 1.83 0.91 -0.18 -1.39 0 0.86 -0.91 0.05 0.59 -0.21 0.16 0.31 -2.7 1.22 2.08 0.86 -1.33 0.58 -0.38 0.75 -3.82 1.85 -1.6 0.23 1.27 -0.82 -0.12 -0.53 -0.09 0 -0.48 -2.65 -0.7 0 1.34 -0.99 0.89 -0.23 0.13 -0.84 1.38 0.33 1.34
0 -0.65 -2.74 1.05 0.78 0.9 -0.08 0.25 -2.03 -0.6 0.3 -0.77 1.48 -0.26 1.82 -0.69 2.86 0.34 -0.84 -0.79 1.42 1.68 0 0.71 -0.39 -0.61 -1.21 -1.65 0.75 -1.61 -0.91 -0.27 -0.33 1.75 0.54 -1.14 0.17 0.54 0.12 0.46 -0.76 0.43 0.68 0.86 0.37 -0.46 0.13 0.43 0.12 -0.22 -0.35 -1.05 0.17 0.31 -0.5 2.54 0.41 0 0.4 1.39 0.85 0.25 -0.97 -1.49 -0.39 1.3 -0.46 0.84 0 1.22 3.39 -0.05 -0.32 1.1 -0.58 0.33 -1.28 0.01 -0.25 0.12 0.92 0.83 0.97 -2.1 -0.7 -0.21 0.39 -0.23 -0.94 -1.4 -0.08 -0.71 0.27 -2.22 1.71 -1.02 0.68 -0.06 -1.75 0 -0.54 -0.09 0 0.59 -1.08 0.15 -1.39 0 -0.16 0.6 0.21 1.51 0.93 1.32 -0.19 -2.37
0 0.35 -0.12 -1.26 0.8 -1.25 3.79 -0.07 0.35 1.45 -0.13 0.03 1.22 1.67 1.56 0.61 1.98 -0.73 0.27 -1.02 -0.94 0.89 0 -0.32 0.21 -1.65 0.08 1.71 2.31 -2.4 -0.84 -0.54 1.99 0.87 0.45 0.65 2.93 1.6 -1.43 -2.53 0.4 -2.02 0.13 -1.05 -0.25 1.52 1.32 -0.05 0.95 -1.26 0.47 1.05 2.21 -0.89 2.72 1.19 -0.98 0 -1.05 2.11 4.8 -0.32 1.21 -1.75 -0.08 0.1 0.37 -1.42 0 1.41 3.92 -0.63 -1.17 -1.89 -0.88 0.78 0 -0.12 -2.06 -0.2 -0.9 -0.5 -0.58 -0.61 -0.41 -1.13 0.48 1.47 -1.7 -1.1 -1.23 0.32 -1.5 -2.49 1.78 -0.58 1.12 -1.71 -0.25 0.43 0.55 -0.82 0 1.64 0.78 -0.51 1.58 0.75 0 1.01 1.72 0.37 -1.82 -0.46 -0.71 -0.98
0 -1.17 0.97 1.47 0.79 -0.19 -1.11 -0.87 0.79 -1.45 -0.01 0.61 0.55 1.64 2.66 -1.23 -2.29 -0.51 1.71 -1.56 -0.08 -0.61 0 -1.14 0.04 -0.34 -0.62 -0.7 1.44 0.01 0.49 -1.38 1.91 0.86 -2.11 0.89 0.85 -0.54 0.85 1.31 1.03 1.4 0.5 0.62 0.65 0.53 2.28 -0.27 0.44 -0.77 -0.99 -1.02 0.46 0.5 0.88 -1.16 0.22 0 -0.11 -0.86 3.6 -1.72 -0.21 -0.69 -1.18 -0.99 0.23 -0.91 0 0.03 -0.69 0.46 -0.38 -0.41 0.12 0.48 -0.3 0.73 1.35 0.19 -0.68 0.49 -0.86 0.17 -0.06 -0.17 1.19 1.23 -0.98 -0.54 0.15 1.37 0.71 -0.87 -0.29 -0.09 1.11 0.38 -0.23 -1.43 -0.2 0.43 0 0.52 1.26 -0.27 -0.96 -0.95 -0.53 0 1.99 -0.2 -0.36 -0.47 -1.11 0
0 -1.12 0.68 -0.99 0.66 0.11 2.08 0.84 -1.48 0.45 2.45 2.02 -1.31 1.38 2.29 0.76 -0.56 0.07 1.18 0.73 0.25 0.22 0 -0.03 -0.75 0.37 0.27 1.16 1.84 0.52 0.86 -0.14 0.15 0.05 -0.63 4.89 -0.04 -0.15 -0.73 1.42 -0.91 -1.85 0.34 -0.93 1.19 0.37 -1.26 -2.6 -0.37 0.33 0.51 0.84 -1.02 0.66 -1.13 1.21 1.7 0 0.78 1.73 1.02 0.52 0.97 1.43 -0.11 -2.42 -0.15 -0.43 0 -0.54 0.35 -1.36 1.55 -2.36 -1.33 0.03 -0.49 2.02 0.08 0.46 -0.84 1.14 0.39 1.1 0.49 1.56 1.15 -0.02 0.29 -0.76 0.69 -0.65 3.2 -0.05 -0.5 0.38 -1.06 0.03 0.52 0 0.11 -0.12 0 -2.35 -1.4 0.18 0.2 -0.22 -0.93 -2.09 0 -0.78 -0.07 -1.56 -0.17 2.4
0 -2.05 0.16 -0.35 -0.55 1.74 1.71 1.65 0.86 -0.17 0.08 0.42 -0.66 0.27 0.64 1.11 -0.42 0.33 0.1 1.58 -1.1 -0.6 0 -0.79 -0.51 -0.43 0.66 -0.51 -1.79 1.75 -0.49 -1.3 0.9 -1.37 -0.64 0.37 0.6 -2.26 -0.52 1.67 -1.31 -0.64 0.81 0.38 -0.69 -0.07 -1.39 -2.5 0.41 0.45 1.49 -0.98 -1.45 1.05 -0.96 0.62 0.05 0 2.34 1.77 -0.18 -1.75 0 1.38 0.32 -2.92 1.47 -1.11 0 -0.81 0.74 -0.64 1.74 0.06 0.95 1.56 0.43 -1.41 0.68 -0.27 1.55 -0.37 -0.95 0.11 1.07 -1.06 -0.33 -0.8 1.02 -0.37 1.14 -2.42 -0.26 -0.21 -0.16 0.91 0.32 2.19 0.48 -0.08 -2.05 1.49 0 -1.39 -3.57 -0.96 -0.86 -1.6 0.61 -1.28 0.12 0 1.59 -1.61 -0.67 -0.13
0 -0.84 1.26 1.94 1.61 -1.61 2.09 0.85 2.2 -0.72 -1.31 -0.13 0.63 1.47 -0.72 -0.13 -2.02 1.08 -0.38 -0.02 -0.16 2.51 0 0.38 0.62 -0.74 0.44 1.67 -1.89 -0.6 -0.14 0.49 1.22 1.24 1.26 -0.91 0.7 0.17 -1.88 0.39 0.37 -0.47 1.37 -1.21 -3.89 3.57 1.97 -1.48 0.91 -1.05 -0.69 1.31 0.51 -0.3 -0.5 -4.11 -1.23 0 -0.21 0.65 3.92 0.66 -0.97 -0.41 -0.69 0.24 1.52 1.15 0 0.26 0.44 1.04 0.77 0.32 3.76 1.16 -0.14 -1.37 -0.51 2.72 -0.9 -1.06 -1.19 -0.33 -0.14 -0.82 0.21 -0.1 1.02 -0.84 -0.49 -1.05 0.05 -1.41 -0.31 0.59 3.39 0.21 -0.5 0.07 -1.93 -1.02 0 2.72 -0.12 -1.52 1.13 -0.65 1.82 0.58 0.49 -1.2 0 -0.63 -1.78 1.09
0 -0.97 -0.17 1.1 0.11 1.96 -1.15 0.41 0.12 -0.73 -0.25 1.14 0.6 -0.25 2.7 -2.49 -1.12 0.92 1.9 -0.12 -1.92 -0.01 0 -0.93 -0.06 -0.14 0.23 -1.21 0.72 1.15 0.25 -0.07 1.02 0.21 -1.28 1.84 0.26 -1.33 0.94 0.99 -0.8 0.63 0.36 1 -0.34 -0.4 0.14 -0.24 0.32 -0.02 0.89 -0.65 0.39 0.82 0.27 0.23 1.2 0 1.63 0.95 2.41 -2.14 -0.87 0.89 -1.25 -0.02 0.7 -0.49 0 1.01 1.4 0.29 1.51 0 0.35 0.36 -0.48 2.33 0.99 -0.19 1 0.24 -0.89 1.3 0.6 -0.68 1.57 0.99 -0.37 -1.1 0.66 -0.25 0.82 0.49 0.1 -0.96 -0.32 1.17 -0.71 -1.11 -0.86 1.1 0 -0.68 -0.13 -0.62 -1.29 -1.18 1.47 0.08 1.53 1.21 1.36 0 -1.55 -0.15
0 0.36 1.89 0.36 5.65 2.72 0.02 0.67 1.72 3.02 -2.3 0.58 1.64 1.09 4.12 -1.37 1.7 1.62 -1.11 -0.01 0 2.79 0 1.94 0.65 -0.23 0.18 0.26 -0.87 0.75 -0.27 -0.89 0.38 0.41 0.36 -0.9 -0.39 -1.59 3.98 3.29 1.97 -0.39 4.53 0.05 -2.45 1.3 0.3 0.28 0.66 1.88 2.72 -0.64 1.69 0.47 1.23 3.18 0.3 0 1.72 3.35 1.3 -0.78 -0.34 2.05 0.31 1.77 2.83 4.01 0 -1.29 7.64 1.38 -0.27 -1.85 2.16 -0.81 1.47 -0.15 2.54 0.66 2.42 -0.06 0.86 -1.17 -0.99 0.16 1.47 0.26 -1.24 -1.06 -0.32 -0.83 -1.45 1.09 2.2 1.41 0.68 -0.64 -0.56 1.77 0.05 0.2 0 2.67 -0.71 0.59 -0.07 0.41 2 1.02 0.34 -0.3 2.66 1.55 0 -1.96
0 -0.32 3.6 0.45 5.4 3.31 -0.49 1.6 1.75 0.89 0.86 1.14 0.54 1.08 2.14 -0.55 0.55 3.5 2.47 1.31 -2.02 0.2 0 0.3 1.05 -0.04 1.98 -0.54 0.54 3.82 -0.93 0.74 2.72 1.15 -0.8 2.76 -0.96 6.85 1.25 4.35 -1.02 3.5 1.48 1.93 0.88 0.01 -0.97 5.16 1.11 0.74 1.44 -1.44 1.61 0.69 0.51 4.59 -1.28 0 0.09 -0.43 0.14 -0.7 0.86 1.54 -0.09 -0.17 3.5 -0.9 0 0.13 -1.61 1.92 1.31 2.72 2.82 1.3 1.27 0.11 3.17 -3.09 1.53 -0.11 -0.01 1.39 2.08 -1.47 0.36 0.8 -0.11 1.14 3.58 0 2.86 4.01 -0.49 -1.04 0.01 1.76 0.74 1.12 0.47 2.22 0 0.82 0 -0.84 -0.52 2.91 3.16 0.18 -1.59 -0.33 0.91 0.49 1.9 0
