6561 [POSITION] 1966822 138 152 130
6561 [MAXHEALTH] 1966822 350
6561 [ARMOR] 1966822 1.0
6561 [RESISTANCE] 1966822 0.0
6587 [POSITION] 13353705 146 128 130
6587 [MAXHEALTH] 13353705 500
6587 [ARMOR] 13353705 1.0
6587 [RESISTANCE] 13353705 0.0
6589 [POSITION] 10846954 128 112 130
6589 [MAXHEALTH] 10846954 800
6589 [ARMOR] 10846954 4.0
6589 [RESISTANCE] 10846954 70.0
6647 [POSITION] 9437933 162 134 130
6647 [MAXHEALTH] 9437933 350
6647 [ARMOR] 9437933 1.0
6647 [RESISTANCE] 9437933 0.0
6675 [POSITION] 3752687 106 164 130
6675 [MAXHEALTH] 3752687 400
6675 [ARMOR] 3752687 1.0
6675 [RESISTANCE] 3752687 0.0
6681 [POSITION] 2802417 112 160 130
6681 [MAXHEALTH] 2802417 500
6681 [ARMOR] 2802417 1.0
6681 [RESISTANCE] 2802417 0.0
6685 [POSITION] 12321522 102 126 130
6685 [MAXHEALTH] 12321522 800
6685 [ARMOR] 12321522 4.0
6685 [RESISTANCE] 12321522 70.0
6703 [POSITION] 16286454 88 124 130
6703 [MAXHEALTH] 16286454 300
6703 [ARMOR] 16286454 0.0
6703 [RESISTANCE] 16286454 0.0
6709 [POSITION] 14320376 126 154 130
6709 [MAXHEALTH] 14320376 850
6709 [ARMOR] 14320376 1.0
6709 [RESISTANCE] 14320376 0.0
6719 [POSITION] 1835769 112 94 130
6719 [MAXHEALTH] 1835769 350
6719 [ARMOR] 1835769 1.0
6719 [RESISTANCE] 1835769 0.0
6731 [POSITION] 10371837 158 122 130
6731 [MAXHEALTH] 10371837 600
6731 [ARMOR] 10371837 10.0
6731 [RESISTANCE] 10371837 0.0
6739 [POSITION] 12485375 130 90 132
6739 [MAXHEALTH] 12485375 350
6739 [ARMOR] 12485375 1.0
6739 [RESISTANCE] 12485375 0.0
6773 [POSITION] 14304002 120 144 130
6773 [MAXHEALTH] 14304002 600
6773 [ARMOR] 14304002 10.0
6773 [RESISTANCE] 14304002 0.0
6777 [POSITION] 3932932 150 92 130
6777 [MAXHEALTH] 3932932 400
6777 [ARMOR] 3932932 1.0
6777 [RESISTANCE] 3932932 0.0
6777 [POSITION] 13845253 94 154 130
6777 [MAXHEALTH] 13845253 500
6777 [ARMOR] 13845253 0.0
6777 [RESISTANCE] 13845253 0.0
6817 [POSITION] 2720521 162 92 130
6817 [MAXHEALTH] 2720521 700
6817 [ARMOR] 2720521 3.0
6817 [RESISTANCE] 2720521 0.0
6865 [POSITION] 11617039 98 134 130
6865 [MAXHEALTH] 11617039 350
6865 [ARMOR] 11617039 1.0
6865 [RESISTANCE] 11617039 0.0
6891 [POSITION] 12567313 124 100 130
6891 [MAXHEALTH] 12567313 350
6891 [ARMOR] 12567313 1.0
6891 [RESISTANCE] 12567313 0.0
6905 [POSITION] 14500034 138 152 130
6905 [MAXHEALTH] 14500034 1100
6905 [ARMOR] 14500034 4.0
6905 [RESISTANCE] 14500034 0.0
6957 [POSITION] 6799586 146 128 130
6957 [MAXHEALTH] 6799586 500
6957 [ARMOR] 6799586 1.0
6957 [RESISTANCE] 6799586 0.0
6961 [POSITION] 671967 128 112 130
6961 [MAXHEALTH] 671967 800
6961 [ARMOR] 671967 4.0
6961 [RESISTANCE] 671967 70.0
7077 [POSITION] 2032513 162 134 130
7077 [MAXHEALTH] 2032513 1100
7077 [ARMOR] 2032513 4.0
7077 [RESISTANCE] 2032513 0.0
7131 [POSITION] 8110979 106 162 130
7131 [MAXHEALTH] 8110979 400
7131 [ARMOR] 8110979 1.0
7131 [RESISTANCE] 8110979 0.0
7143 [POSITION] 9356164 110 162 130
7143 [MAXHEALTH] 9356164 500
7143 [ARMOR] 9356164 1.0
7143 [RESISTANCE] 9356164 0.0
7153 [POSITION] 1704885 102 126 130
7153 [MAXHEALTH] 1704885 800
7153 [ARMOR] 1704885 4.0
7153 [RESISTANCE] 1704885 70.0
7187 [POSITION] 15172486 90 122 130
7187 [MAXHEALTH] 15172486 600
7187 [ARMOR] 15172486 1.0
7187 [RESISTANCE] 15172486 0.0
7199 [POSITION] 13878151 126 154 130
7199 [MAXHEALTH] 13878151 850
7199 [ARMOR] 13878151 1.0
7199 [RESISTANCE] 13878151 0.0
7219 [POSITION] 14091192 112 94 130
7219 [MAXHEALTH] 14091192 1100
7219 [ARMOR] 14091192 4.0
7219 [RESISTANCE] 14091192 0.0
7245 [POSITION] 5669593 158 122 130
7245 [MAXHEALTH] 5669593 600
7245 [ARMOR] 5669593 10.0
7245 [RESISTANCE] 5669593 0.0
7249 [POSITION] 15467223 138 152 130
7249 [MAXHEALTH] 15467223 350
7249 [ARMOR] 15467223 1.0
7249 [RESISTANCE] 15467223 0.0
7261 [POSITION] 6357587 130 90 132
7261 [MAXHEALTH] 6357587 1100
7261 [ARMOR] 6357587 4.0
7261 [RESISTANCE] 6357587 0.0
7327 [POSITION] 5882880 148 128 130
7327 [MAXHEALTH] 5882880 600
7327 [ARMOR] 5882880 3.0
7327 [RESISTANCE] 5882880 0.0
7329 [POSITION] 8389635 120 144 130
7329 [MAXHEALTH] 8389635 600
7329 [ARMOR] 8389635 10.0
7329 [RESISTANCE] 8389635 0.0
7333 [POSITION] 4146181 128 114 130
7333 [MAXHEALTH] 4146181 1700
7333 [ARMOR] 4146181 8.0
7333 [RESISTANCE] 4146181 70.0
7337 [POSITION] 16368647 150 92 130
7337 [MAXHEALTH] 16368647 400
7337 [ARMOR] 16368647 1.0
7337 [RESISTANCE] 16368647 0.0
7337 [POSITION] 14648328 94 154 130
7337 [MAXHEALTH] 14648328 500
7337 [ARMOR] 14648328 0.0
7337 [RESISTANCE] 14648328 0.0
7415 [POSITION] 7570443 162 92 130
7415 [MAXHEALTH] 7570443 950
7415 [ARMOR] 7570443 4.0
7415 [RESISTANCE] 7570443 0.0
7507 [POSITION] 5260306 162 134 130
7507 [MAXHEALTH] 5260306 350
7507 [ARMOR] 5260306 1.0
7507 [RESISTANCE] 5260306 0.0
7511 [POSITION] 16434197 98 134 130
7511 [MAXHEALTH] 16434197 1100
7511 [ARMOR] 16434197 4.0
7511 [RESISTANCE] 16434197 0.0
7565 [POSITION] 6800408 124 100 130
7565 [MAXHEALTH] 6800408 1100
7565 [ARMOR] 6800408 4.0
7565 [RESISTANCE] 6800408 0.0
7589 [POSITION] 8143898 106 164 130
7589 [MAXHEALTH] 8143898 500
7589 [ARMOR] 8143898 1.0
7589 [RESISTANCE] 8143898 0.0
7607 [POSITION] 16139293 112 160 130
7607 [MAXHEALTH] 16139293 600
7607 [ARMOR] 16139293 3.0
7607 [RESISTANCE] 16139293 0.0
7621 [POSITION] 4670497 102 126 130
7621 [MAXHEALTH] 4670497 1700
7621 [ARMOR] 4670497 8.0
7621 [RESISTANCE] 4670497 70.0
7673 [POSITION] 148517 90 122 130
7673 [MAXHEALTH] 148517 1100
7673 [ARMOR] 148517 0.0
7673 [RESISTANCE] 148517 0.0
7691 [POSITION] 4899880 126 154 130
7691 [MAXHEALTH] 4899880 600
7691 [ARMOR] 4899880 0.0
7691 [RESISTANCE] 4899880 0.0
7721 [POSITION] 5276716 112 94 130
7721 [MAXHEALTH] 5276716 350
7721 [ARMOR] 5276716 1.0
7721 [RESISTANCE] 5276716 0.0
7759 [POSITION] 8619056 158 122 130
7759 [MAXHEALTH] 8619056 1200
7759 [ARMOR] 8619056 11.0
7759 [RESISTANCE] 8619056 0.0
7885 [POSITION] 1999925 120 144 130
7885 [MAXHEALTH] 1999925 1200
7885 [ARMOR] 1999925 11.0
7885 [RESISTANCE] 1999925 0.0
7897 [POSITION] 8504376 94 154 130
7897 [MAXHEALTH] 8504376 1100
7897 [ARMOR] 8504376 1.0
7897 [RESISTANCE] 8504376 0.0
7899 [POSITION] 9569339 150 92 130
7899 [MAXHEALTH] 9569339 500
7899 [ARMOR] 9569339 1.0
7899 [RESISTANCE] 9569339 0.0
8017 [MAXHEALTH] 671967 920
8017 [POSITION] 6357587 130 90 130
8017 [MAXHEALTH] 10846954 920
8017 [MAXHEALTH] 12321522 920
8017 [POSITION] 12485375 130 90 130
8017 [POSITION] 1704885 104 126 130
8017 [MAXHEALTH] 1704885 920
8017 [MAXHEALTH] 4146181 1955
8017 [POSITION] 7570443 162 94 130
8017 [MAXHEALTH] 4670497 1955
8017 [POSITION] 148517 88 122 130
8337 [POSITION] 16221256 150 92 130
8337 [MAXHEALTH] 16221256 240
8337 [ARMOR] 16221256 0.0
8337 [RESISTANCE] 16221256 0.0
8355 [POSITION] 12354634 112 94 130
8355 [MAXHEALTH] 12354634 350
8355 [ARMOR] 12354634 2.0
8355 [RESISTANCE] 12354634 0.0
8371 [POSITION] 1557584 98 134 130
8371 [MAXHEALTH] 1557584 300
8371 [ARMOR] 1557584 0.0
8371 [RESISTANCE] 1557584 0.0
8389 [POSITION] 12387412 120 144 130
8389 [MAXHEALTH] 12387412 800
8389 [ARMOR] 12387412 4.0
8389 [RESISTANCE] 12387412 70.0
8413 [POSITION] 14189654 162 92 130
8413 [MAXHEALTH] 14189654 500
8413 [ARMOR] 14189654 0.0
8413 [RESISTANCE] 14189654 0.0
8425 [POSITION] 3687511 110 160 130
8425 [MAXHEALTH] 3687511 300
8425 [ARMOR] 3687511 0.0
8425 [RESISTANCE] 3687511 0.0
8461 [POSITION] 7079002 102 126 130
8461 [MAXHEALTH] 7079002 950
8461 [ARMOR] 7079002 -1.0
8461 [RESISTANCE] 7079002 0.0
8477 [POSITION] 7373915 162 134 130
8477 [MAXHEALTH] 7373915 700
8477 [ARMOR] 7373915 3.0
8477 [RESISTANCE] 7373915 0.0
8477 [POSITION] 6095965 130 90 132
8477 [MAXHEALTH] 6095965 800
8477 [ARMOR] 6095965 0.0
8477 [RESISTANCE] 6095965 50.0
8529 [POSITION] 15893603 106 162 130
8529 [MAXHEALTH] 15893603 370
8529 [ARMOR] 15893603 1.0
8529 [RESISTANCE] 15893603 0.0
8535 [POSITION] 11650150 158 122 130
8535 [MAXHEALTH] 11650150 800
8535 [ARMOR] 11650150 2.0
8535 [RESISTANCE] 11650150 70.0
8545 [POSITION] 3228775 88 122 130
8545 [MAXHEALTH] 3228775 350
8545 [ARMOR] 3228775 1.0
8545 [RESISTANCE] 3228775 0.0
8549 [POSITION] 15402089 128 112 130
8549 [MAXHEALTH] 15402089 950
8549 [ARMOR] 15402089 -1.0
8549 [RESISTANCE] 15402089 0.0
8577 [POSITION] 15025258 94 154 130
8577 [MAXHEALTH] 15025258 350
8577 [ARMOR] 15025258 2.0
8577 [RESISTANCE] 15025258 0.0
8585 [POSITION] 8242284 126 154 130
8585 [MAXHEALTH] 8242284 800
8585 [ARMOR] 8242284 0.0
8585 [RESISTANCE] 8242284 50.0
8599 [POSITION] 2180208 146 128 130
8599 [MAXHEALTH] 2180208 800
8599 [ARMOR] 2180208 0.0
8599 [RESISTANCE] 2180208 50.0
8651 [POSITION] 14615667 124 102 130
8651 [MAXHEALTH] 14615667 800
8651 [ARMOR] 14615667 0.0
8651 [RESISTANCE] 14615667 50.0
8655 [POSITION] 33910 150 92 130
8655 [MAXHEALTH] 33910 240
8655 [ARMOR] 33910 0.0
8655 [RESISTANCE] 33910 0.0
8693 [POSITION] 5473400 112 94 130
8693 [MAXHEALTH] 5473400 350
8693 [ARMOR] 5473400 2.0
8693 [RESISTANCE] 5473400 0.0
8725 [POSITION] 410746 98 134 130
8725 [MAXHEALTH] 410746 300
8725 [ARMOR] 410746 0.0
8725 [RESISTANCE] 410746 0.0
8761 [POSITION] 4277372 120 144 130
8761 [MAXHEALTH] 4277372 800
8761 [ARMOR] 4277372 4.0
8761 [RESISTANCE] 4277372 70.0
8807 [POSITION] 7521406 162 94 130
8807 [MAXHEALTH] 7521406 500
8807 [ARMOR] 7521406 0.0
8807 [RESISTANCE] 7521406 0.0
8819 [POSITION] 14976127 138 152 130
8819 [MAXHEALTH] 14976127 700
8819 [ARMOR] 14976127 3.0
8819 [RESISTANCE] 14976127 0.0
8831 [POSITION] 8651905 112 160 130
8831 [MAXHEALTH] 8651905 300
8831 [ARMOR] 8651905 0.0
8831 [RESISTANCE] 8651905 0.0
8905 [POSITION] 5375108 104 126 130
8905 [MAXHEALTH] 5375108 950
8905 [ARMOR] 5375108 -1.0
8905 [RESISTANCE] 5375108 0.0
8935 [POSITION] 10617989 162 134 130
8935 [MAXHEALTH] 10617989 950
8935 [ARMOR] 10617989 4.0
8935 [RESISTANCE] 10617989 0.0
8937 [POSITION] 7406728 130 90 132
8937 [MAXHEALTH] 7406728 800
8937 [ARMOR] 7406728 0.0
8937 [RESISTANCE] 7406728 50.0
8973 [POSITION] 9356427 150 92 130
8973 [MAXHEALTH] 9356427 240
8973 [ARMOR] 9356427 0.0
8973 [RESISTANCE] 9356427 0.0
9029 [POSITION] 4834444 112 94 130
9029 [MAXHEALTH] 4834444 950
9029 [ARMOR] 4834444 4.0
9029 [RESISTANCE] 4834444 0.0
9041 [POSITION] 6800527 106 162 130
9041 [MAXHEALTH] 6800527 370
9041 [ARMOR] 6800527 1.0
9041 [RESISTANCE] 6800527 0.0
9051 [POSITION] 1279123 158 122 130
9051 [MAXHEALTH] 1279123 800
9051 [ARMOR] 1279123 2.0
9051 [RESISTANCE] 1279123 70.0
9071 [POSITION] 9585813 88 124 130
9071 [MAXHEALTH] 9585813 1100
9071 [ARMOR] 9585813 4.0
9071 [RESISTANCE] 9585813 0.0
9077 [POSITION] 935063 98 134 130
9077 [MAXHEALTH] 935063 600
9077 [ARMOR] 935063 1.0
9077 [RESISTANCE] 935063 0.0
9079 [POSITION] 3441818 128 112 130
9079 [MAXHEALTH] 3441818 950
9079 [ARMOR] 3441818 -1.0
9079 [RESISTANCE] 3441818 0.0
9131 [MAXHEALTH] 14304002 690
9131 [MAXHEALTH] 8389635 690
9131 [MAXHEALTH] 1999925 1380
9131 [POSITION] 14173342 120 144 130
9131 [MAXHEALTH] 14173342 1700
9131 [ARMOR] 14173342 8.0
9131 [RESISTANCE] 14173342 70.0
9137 [POSITION] 12305568 94 154 130
9137 [MAXHEALTH] 12305568 350
9137 [ARMOR] 12305568 2.0
9137 [RESISTANCE] 12305568 0.0
9147 [MAXHEALTH] 14304002 600
9147 [MAXHEALTH] 8389635 600
9147 [MAXHEALTH] 1999925 1200
9153 [POSITION] 7668897 126 154 130
9153 [MAXHEALTH] 7668897 800
9153 [ARMOR] 7668897 0.0
9153 [RESISTANCE] 7668897 50.0
9179 [POSITION] 12862630 146 128 130
9179 [MAXHEALTH] 12862630 800
9179 [ARMOR] 12862630 0.0
9179 [RESISTANCE] 12862630 50.0
9201 [POSITION] 12092586 162 92 130
9201 [MAXHEALTH] 12092586 1100
9201 [ARMOR] 12092586 1.0
9201 [RESISTANCE] 12092586 0.0
9237 [POSITION] 5538991 112 160 130
9237 [MAXHEALTH] 5538991 600
9237 [ARMOR] 5538991 1.0
9237 [RESISTANCE] 5538991 0.0
9283 [POSITION] 8717490 124 100 130
9283 [MAXHEALTH] 8717490 800
9283 [ARMOR] 8717490 0.0
9283 [RESISTANCE] 8717490 50.0
9291 [POSITION] 3015862 150 92 130
9291 [MAXHEALTH] 3015862 325
9291 [ARMOR] 3015862 1.0
9291 [RESISTANCE] 3015862 0.0
9347 [POSITION] 10126524 104 126 130
9347 [MAXHEALTH] 10126524 2000
9347 [ARMOR] 10126524 3.0
9347 [RESISTANCE] 10126524 70.0
9367 [POSITION] 16368647 150 90 130
9371 [POSITION] 3932932 152 92 130
9371 [POSITION] 16368647 152 90 130
9393 [POSITION] 3932932 152 90 130
9413 [POSITION] 9569339 150 90 130
9421 [POSITION] 3932932 152 88 130
9423 [POSITION] 9569339 152 90 130
9429 [POSITION] 16368647 152 88 130
9431 [POSITION] 4834497 98 134 130
9431 [MAXHEALTH] 4834497 600
9431 [ARMOR] 4834497 1.0
9431 [RESISTANCE] 4834497 0.0
9451 [POSITION] 16368647 154 88 130
9453 [POSITION] 9569339 152 88 130
9461 [POSITION] 16368647 154 86 130
9463 [POSITION] 9569339 154 88 130
9469 [POSITION] 3932932 152 86 130
9469 [POSITION] 16368647 152 86 130
9469 [POSITION] 9569339 152 88 130
9477 [POSITION] 9569339 154 86 130
9483 [POSITION] 16368647 152 84 130
9501 [POSITION] 9569339 154 84 130
9503 [POSITION] 9569339 152 84 130
9505 [POSITION] 16368647 152 82 130
9519 [POSITION] 3932932 152 84 130
9525 [POSITION] 3932932 154 84 130
9537 [POSITION] 3932932 154 86 130
9547 [POSITION] 3932932 152 86 130
9551 [POSITION] 11011272 106 162 130
9551 [MAXHEALTH] 11011272 370
9551 [ARMOR] 11011272 1.0
9551 [RESISTANCE] 11011272 0.0
9553 [POSITION] 16368647 152 84 130
9559 [POSITION] 3932932 152 88 130
9567 [POSITION] 5522635 158 122 130
9567 [MAXHEALTH] 5522635 1400
9567 [ARMOR] 5522635 2.0
9567 [RESISTANCE] 5522635 70.0
9575 [POSITION] 16368647 152 86 130
9579 [POSITION] 9569339 152 86 130
9581 [POSITION] 3932932 152 90 130
9597 [POSITION] 16368647 152 88 130
9597 [POSITION] 7636175 90 124 130
9597 [MAXHEALTH] 7636175 350
9597 [ARMOR] 7636175 1.0
9597 [RESISTANCE] 7636175 0.0
9603 [POSITION] 9569339 152 88 130
9609 [POSITION] 3932932 150 90 130
9609 [POSITION] 16188625 126 112 130
9609 [MAXHEALTH] 16188625 2000
9609 [ARMOR] 16188625 3.0
9609 [RESISTANCE] 16188625 70.0
9609 [POSITION] 13567189 150 92 130
9609 [MAXHEALTH] 13567189 400
9609 [ARMOR] 13567189 1.0
9609 [RESISTANCE] 13567189 0.0
9613 [POSITION] 3932932 150 92 130
9619 [POSITION] 16368647 152 90 130
9619 [POSITION] 16188631 138 152 130
9619 [MAXHEALTH] 16188631 950
9619 [ARMOR] 16188631 4.0
9619 [RESISTANCE] 16188631 0.0
9627 [POSITION] 9569339 152 90 130
9643 [POSITION] 14025946 112 160 130
9643 [MAXHEALTH] 14025946 600
9643 [ARMOR] 14025946 1.0
9643 [RESISTANCE] 14025946 0.0
9647 [POSITION] 16368647 150 90 130
9655 [POSITION] 16368647 150 92 130
9659 [POSITION] 9569339 150 90 130
9663 [POSITION] 9569339 150 92 130
9695 [POSITION] 15828189 94 154 130
9695 [MAXHEALTH] 15828189 950
9695 [ARMOR] 15828189 4.0
9695 [RESISTANCE] 15828189 0.0
11619 [POSITION] 9356427 148 92 130
11619 [POSITION] 3015862 150 90 130
11951 [POSITION] 16647473 150 92 130
11951 [MAXHEALTH] 16647473 370
11951 [ARMOR] 16647473 1.0
11951 [RESISTANCE] 16647473 0.0
12283 [POSITION] 6440257 150 92 130
12283 [MAXHEALTH] 6440257 370
12283 [ARMOR] 6440257 1.0
12283 [RESISTANCE] 6440257 0.0
12615 [POSITION] 12944709 150 92 130
12615 [MAXHEALTH] 12944709 370
12615 [ARMOR] 12944709 1.0
12615 [RESISTANCE] 12944709 0.0
12949 [POSITION] 3015862 150 92 130
12961 [POSITION] 9356427 150 92 130
12969 [POSITION] 9356427 150 90 130
12985 [POSITION] 33910 150 90 130
13001 [POSITION] 16221256 150 90 130
13001 [POSITION] 3015862 152 92 130
13003 [POSITION] 3015862 152 90 130
13007 [POSITION] 33910 152 90 130
13017 [POSITION] 9356427 152 90 130
13019 [POSITION] 13567189 152 90 130
13037 [POSITION] 33910 152 88 130
13057 [POSITION] 9356427 152 88 130
13063 [POSITION] 16221256 152 90 130
13063 [POSITION] 33910 152 86 130
13067 [POSITION] 3015862 152 88 130
13083 [POSITION] 9356427 152 86 130
13087 [POSITION] 13567189 152 88 130
13089 [POSITION] 33910 152 84 130
13093 [POSITION] 3015862 152 86 130
13097 [POSITION] 33910 154 84 130
13101 [POSITION] 16221256 152 88 130
13107 [POSITION] 9356427 154 86 130
13107 [POSITION] 13567189 152 86 130
13109 [POSITION] 9356427 154 84 130
13109 [POSITION] 3015862 154 86 130
13113 [POSITION] 13567189 154 86 130
13115 [POSITION] 33910 154 82 130
13119 [POSITION] 3015862 154 84 130
13127 [POSITION] 16221256 154 86 130
13129 [POSITION] 13567189 154 84 130
13143 [POSITION] 33910 154 84 130
13153 [POSITION] 16221256 154 84 130
13167 [POSITION] 33910 154 86 130
13169 [POSITION] 3015862 154 82 130
13175 [POSITION] 13567189 154 82 130
13179 [POSITION] 9356427 154 86 130
13181 [POSITION] 16221256 154 82 130
13183 [POSITION] 13567189 154 84 130
13187 [POSITION] 33910 152 86 130
13193 [POSITION] 33910 152 88 130
13199 [POSITION] 3015862 154 84 130
13205 [POSITION] 9356427 154 88 130
13205 [POSITION] 13567189 154 86 130
13209 [POSITION] 16221256 154 84 130
13213 [POSITION] 9356427 152 88 130
13219 [POSITION] 33910 152 90 130
13225 [POSITION] 13567189 154 88 130
13227 [POSITION] 3015862 154 86 130
13231 [POSITION] 9356427 152 90 130
13235 [POSITION] 16221256 154 86 130
13237 [POSITION] 13567189 152 88 130
13247 [POSITION] 13567189 152 90 130
13249 [POSITION] 33910 150 90 130
13253 [POSITION] 3015862 154 88 130
13257 [POSITION] 3015862 152 88 130
13259 [POSITION] 9356427 150 90 130
13261 [POSITION] 16221256 154 88 130
13263 [POSITION] 33910 150 92 130
13273 [POSITION] 13567189 150 90 130
13277 [POSITION] 16221256 152 88 130
13279 [POSITION] 3015862 152 90 130
13279 [POSITION] 13567189 152 90 130
13281 [POSITION] 9356427 150 92 130
13287 [POSITION] 16221256 152 90 130
13289 [POSITION] 9356427 148 92 130
13309 [POSITION] 3015862 150 90 130
13317 [POSITION] 16221256 150 90 130
13325 [POSITION] 13567189 152 88 130
13331 [POSITION] 16221256 150 92 130
13345 [POSITION] 13567189 152 86 130
13439 [POSITION] 13567189 152 88 130
13459 [POSITION] 13567189 152 90 130
13485 [POSITION] 9356427 150 92 130
13485 [POSITION] 13567189 150 90 130
13489 [POSITION] 13567189 150 92 130
13491 [POSITION] 9356427 150 90 130
13491 [POSITION] 3015862 152 90 130
13511 [POSITION] 33910 150 90 130
13513 [POSITION] 9356427 152 90 130
13517 [POSITION] 16221256 150 90 130
13519 [POSITION] 3015862 152 88 130
13527 [POSITION] 16221256 152 90 130
13535 [POSITION] 13567189 150 90 130
13539 [POSITION] 13567189 152 90 130
13541 [POSITION] 9356427 152 88 130
13543 [POSITION] 3015862 152 86 130
13551 [POSITION] 33910 152 90 130
13559 [POSITION] 16221256 152 88 130
13567 [POSITION] 9356427 152 86 130
13571 [POSITION] 9356427 154 86 130
13579 [POSITION] 13567189 152 88 130
13585 [POSITION] 16221256 152 86 130
13597 [POSITION] 33910 152 88 130
13597 [POSITION] 13567189 154 88 130
13601 [POSITION] 13567189 154 86 130
13607 [POSITION] 33910 154 88 130
13625 [POSITION] 33910 154 86 130
13647 [POSITION] 3015862 152 88 130
13653 [POSITION] 9356427 152 86 130
13655 [POSITION] 9356427 152 88 130
13673 [POSITION] 3015862 152 90 130
13675 [POSITION] 16221256 152 88 130
13681 [POSITION] 9356427 152 90 130
13683 [POSITION] 13567189 154 88 130
13691 [POSITION] 13567189 152 88 130
13697 [POSITION] 33910 154 88 130
13701 [POSITION] 16221256 152 90 130
13703 [POSITION] 13567189 152 90 130
13709 [POSITION] 33910 152 88 130
13723 [POSITION] 33910 152 90 130
13731 [POSITION] 16221256 150 90 130
13733 [POSITION] 3015862 152 88 130
13733 [POSITION] 13567189 150 92 130
13745 [POSITION] 13567189 150 90 130
13747 [POSITION] 13567189 152 90 130
13767 [POSITION] 16221256 152 90 130
13813 [POSITION] 9356427 152 88 130
13837 [POSITION] 9356427 152 86 130
13875 [POSITION] 9356427 152 88 130
13905 [POSITION] 13567189 150 92 130
13985 [POSITION] 13567189 150 90 130
13991 [POSITION] 13567189 152 90 130
15257 [POSITION] 5260306 160 134 130
15269 [POSITION] 5260306 160 132 130
15277 [POSITION] 9437933 162 132 130
15277 [POSITION] 2032513 160 134 130
15279 [POSITION] 9437933 160 132 130
15283 [POSITION] 5260306 158 132 130
15297 [POSITION] 2032513 160 132 130
15303 [POSITION] 9437933 158 132 130
15303 [POSITION] 2032513 158 132 130
15309 [POSITION] 5260306 156 132 130
15329 [POSITION] 9437933 156 132 130
15333 [POSITION] 5260306 154 132 130
15339 [POSITION] 5260306 154 130 130
15347 [POSITION] 2032513 156 132 130
15355 [POSITION] 9437933 156 130 130
15361 [POSITION] 2032513 156 130 130
15367 [POSITION] 5260306 154 132 130
15373 [POSITION] 5260306 156 132 130
15375 [POSITION] 2032513 156 132 130
15381 [POSITION] 2032513 158 132 130
15391 [POSITION] 9437933 156 132 130
15393 [POSITION] 9437933 158 132 130
15397 [POSITION] 5260306 158 132 130
15407 [POSITION] 2032513 160 132 130
15419 [POSITION] 9437933 160 132 130
15423 [POSITION] 2032513 160 134 130
15423 [POSITION] 5260306 160 132 130
15435 [POSITION] 2032513 162 134 130
15437 [POSITION] 5260306 160 134 130
15447 [POSITION] 9437933 162 134 130
15449 [POSITION] 5260306 162 134 130
15695 [POSITION] 9897425 150 90 130
15695 [MAXHEALTH] 9897425 500
15695 [ARMOR] 9897425 1.0
15695 [RESISTANCE] 9897425 0.0
16169 [POSITION] 4539873 150 92 130
16169 [MAXHEALTH] 4539873 500
16169 [ARMOR] 4539873 1.0
16169 [RESISTANCE] 4539873 0.0
16531 [POSITION] 8504376 92 154 130
16533 [POSITION] 14648328 94 154 128
16535 [POSITION] 13845253 92 154 128
16539 [POSITION] 8504376 92 154 128
16549 [POSITION] 14648328 94 154 130
16551 [POSITION] 13845253 92 154 130
16555 [POSITION] 8504376 92 154 130
16575 [POSITION] 8504376 90 154 130
16591 [POSITION] 14648328 92 154 130
16593 [POSITION] 8504376 90 156 130
16599 [POSITION] 13845253 90 154 130
16609 [POSITION] 8504376 88 156 130
16611 [POSITION] 13845253 90 156 130
16623 [POSITION] 14648328 90 154 130
16629 [POSITION] 14648328 90 156 130
16633 [POSITION] 13845253 88 156 130
16635 [POSITION] 8504376 86 156 130
16643 [POSITION] 8668664 150 92 130
16643 [MAXHEALTH] 8668664 400
16643 [ARMOR] 8668664 1.0
16643 [RESISTANCE] 8668664 0.0
16655 [POSITION] 14648328 88 156 130
16661 [POSITION] 13845253 86 156 130
16661 [POSITION] 8504376 86 154 130
16663 [POSITION] 8504376 84 154 130
16683 [POSITION] 14648328 86 156 130
16691 [POSITION] 13845253 86 154 130
16693 [POSITION] 13845253 84 154 130
16693 [POSITION] 8504376 82 154 130
16713 [POSITION] 14648328 86 154 130
16715 [POSITION] 14648328 84 154 130
16723 [POSITION] 8504376 84 154 130
16755 [POSITION] 8504376 86 156 130
16759 [POSITION] 13845253 86 154 130
16761 [POSITION] 13845253 86 156 130
16765 [POSITION] 14648328 86 156 130
16783 [POSITION] 8504376 88 156 130
16791 [POSITION] 13845253 88 156 130
16795 [POSITION] 14648328 88 156 130
16807 [POSITION] 8504376 90 156 130
16819 [POSITION] 13845253 90 156 130
16825 [POSITION] 14648328 90 156 130
16835 [POSITION] 8504376 92 156 130
16847 [POSITION] 8504376 92 154 130
16849 [POSITION] 13845253 92 154 130
16855 [POSITION] 14648328 92 156 130
16863 [POSITION] 14648328 92 154 130
16865 [POSITION] 8504376 94 154 130
16879 [POSITION] 13845253 94 154 130
16885 [POSITION] 14648328 94 154 130
18645 [POSITION] 14648328 96 154 130
18649 [POSITION] 14648328 96 156 130
18663 [POSITION] 13845253 94 156 130
18665 [POSITION] 13845253 96 156 130
18683 [POSITION] 8504376 96 154 130
18685 [POSITION] 8504376 96 156 130
18693 [POSITION] 14648328 98 156 130
18715 [POSITION] 13845253 98 156 130
18725 [POSITION] 14648328 100 156 130
18725 [POSITION] 8504376 98 156 130
18743 [POSITION] 13845253 100 156 130
18757 [POSITION] 14648328 102 156 130
18765 [POSITION] 8504376 100 156 130
18771 [POSITION] 13845253 102 156 130
18789 [POSITION] 14648328 104 156 130
18789 [POSITION] 8504376 102 156 130
19227 [POSITION] 8504376 104 156 130
19231 [POSITION] 14648328 102 156 130
19241 [POSITION] 8504376 102 156 130
19255 [POSITION] 13845253 100 156 130
19263 [POSITION] 14648328 100 156 130
19265 [POSITION] 8504376 100 156 130
19283 [POSITION] 13845253 98 156 130
19291 [POSITION] 8504376 98 156 130
19295 [POSITION] 14648328 98 156 130
19311 [POSITION] 13845253 96 156 130
19317 [POSITION] 8504376 96 156 130
19325 [POSITION] 14648328 96 156 130
19349 [POSITION] 13845253 96 154 130
19351 [POSITION] 13845253 94 154 130
19353 [POSITION] 8504376 94 154 130
19363 [POSITION] 14648328 96 154 130
19367 [POSITION] 14648328 94 154 130
19375 [POSITION] 13845253 96 154 130
19393 [POSITION] 13845253 94 154 130
19587 [POSITION] 12305568 94 156 130
19589 [POSITION] 12305568 92 156 130
19595 [POSITION] 13845253 92 154 130
19597 [POSITION] 14648328 94 156 130
19603 [POSITION] 14648328 92 156 130
19613 [POSITION] 15025258 92 154 130
19615 [POSITION] 12305568 90 156 130
19625 [POSITION] 13845253 92 156 130
19627 [POSITION] 13845253 90 156 130
19633 [POSITION] 15828189 92 154 130
19637 [POSITION] 15025258 92 156 130
19641 [POSITION] 12305568 88 156 130
19645 [POSITION] 14648328 90 156 130
19649 [POSITION] 15828189 92 156 130
19657 [POSITION] 13845253 88 156 130
19665 [POSITION] 15828189 90 156 130
19667 [POSITION] 12305568 86 156 130
19675 [POSITION] 14648328 88 156 130
19681 [POSITION] 15025258 90 156 130
19685 [POSITION] 13845253 86 156 130
19689 [POSITION] 15828189 88 156 130
19693 [POSITION] 12305568 84 156 130
19703 [POSITION] 14648328 86 156 130
19709 [POSITION] 15025258 88 156 130
19713 [POSITION] 15828189 86 156 130
19715 [POSITION] 13845253 84 156 130
19731 [POSITION] 14648328 84 156 130
19735 [POSITION] 15025258 86 156 130
19743 [POSITION] 13845253 82 156 130
19749 [POSITION] 12305568 86 156 130
19753 [POSITION] 15859914 94 154 130
19753 [MAXHEALTH] 15859914 700
19753 [ARMOR] 15859914 3.0
19753 [RESISTANCE] 15859914 0.0
19753 [POSITION] 15828189 84 156 130
19757 [POSITION] 13845253 84 156 130
19761 [POSITION] 14648328 86 156 130
19775 [POSITION] 12305568 88 156 130
19783 [POSITION] 15828189 86 156 130
19785 [POSITION] 13845253 86 156 130
19791 [POSITION] 14648328 88 156 130
19795 [POSITION] 15025258 84 156 130
19799 [POSITION] 15025258 84 154 130
19801 [POSITION] 12305568 90 156 130
19809 [POSITION] 15828189 88 156 130
19813 [POSITION] 13845253 88 156 130
19817 [POSITION] 15025258 84 156 130
19819 [POSITION] 14648328 90 156 130
19819 [POSITION] 15025258 86 156 130
19827 [POSITION] 12305568 92 156 130
19833 [POSITION] 15828189 90 156 130
19839 [POSITION] 12305568 92 154 130
19843 [POSITION] 13845253 90 156 130
19847 [POSITION] 15025258 88 156 130
19849 [POSITION] 14648328 92 156 130
19855 [POSITION] 14648328 92 154 130
19855 [POSITION] 12305568 94 154 130
19857 [POSITION] 15828189 92 156 130
19859 [POSITION] 15828189 92 154 130
19873 [POSITION] 13845253 92 154 130
19873 [POSITION] 15025258 90 156 130
19879 [POSITION] 14648328 94 154 130
19883 [POSITION] 15828189 94 154 130
19899 [POSITION] 15025258 92 156 130
19901 [POSITION] 15025258 92 154 130
19903 [POSITION] 13845253 94 154 130
19927 [POSITION] 15025258 94 154 130
20273 [POSITION] 10208476 94 154 130
20273 [MAXHEALTH] 10208476 950
20273 [ARMOR] 10208476 4.0
20273 [RESISTANCE] 10208476 0.0
22971 [POSITION] 13353705 148 128 130
22977 [POSITION] 6799586 148 128 130
22981 [POSITION] 6799586 148 126 130
22983 [POSITION] 6799586 148 128 130
23047 [POSITION] 6799586 150 128 130
23051 [POSITION] 13353705 150 128 130
23061 [POSITION] 5882880 150 128 130
23151 [POSITION] 6799586 150 130 130
23305 [POSITION] 5260306 160 134 130
23317 [POSITION] 9437933 160 134 130
23321 [POSITION] 2032513 160 134 130
23325 [POSITION] 5260306 160 132 130
23327 [POSITION] 9437933 160 132 130
23329 [POSITION] 5260306 158 132 130
23349 [POSITION] 2032513 160 132 130
23385 [POSITION] 2032513 158 132 130
23407 [POSITION] 5260306 160 132 130
23415 [POSITION] 9437933 160 134 130
23417 [POSITION] 5260306 160 134 130
23431 [POSITION] 5260306 162 134 130
23433 [POSITION] 9437933 162 134 130
23437 [POSITION] 2032513 160 132 130
23449 [POSITION] 2032513 160 134 130
23463 [POSITION] 2032513 162 134 130
23485 [POSITION] 5260306 160 134 130
23491 [POSITION] 2032513 160 134 130
23493 [POSITION] 9437933 160 134 130
23517 [POSITION] 9437933 160 132 130
23625 [POSITION] 2032513 158 134 130
24983 [POSITION] 5866934 162 134 130
24983 [MAXHEALTH] 5866934 350
24983 [ARMOR] 5866934 1.0
24983 [RESISTANCE] 5866934 0.0
25143 [POSITION] 12977623 148 128 130
25143 [MAXHEALTH] 12977623 850
25143 [ARMOR] 12977623 1.0
25143 [RESISTANCE] 12977623 0.0
25333 [POSITION] 11847136 162 134 130
25333 [MAXHEALTH] 11847136 1100
25333 [ARMOR] 11847136 4.0
25333 [RESISTANCE] 11847136 0.0
25655 [POSITION] 2950612 146 128 130
25655 [MAXHEALTH] 2950612 850
25655 [ARMOR] 2950612 1.0
25655 [RESISTANCE] 2950612 0.0
25683 [POSITION] 8078792 162 134 130
25683 [MAXHEALTH] 8078792 350
25683 [ARMOR] 8078792 1.0
25683 [RESISTANCE] 8078792 0.0
26165 [POSITION] 10241525 148 128 130
26165 [MAXHEALTH] 10241525 600
26165 [ARMOR] 10241525 0.0
26165 [RESISTANCE] 10241525 0.0
27067 [POSITION] 10617989 160 134 130
27089 [POSITION] 7373915 160 134 130
27107 [POSITION] 7373915 160 132 130
27185 [POSITION] 10617989 160 132 130
27269 [POSITION] 10617989 158 132 130
27443 [POSITION] 2180208 148 128 130
27447 [POSITION] 12862630 148 128 130
27449 [POSITION] 12305568 94 156 130
27469 [POSITION] 2180208 150 128 130
27479 [POSITION] 2180208 150 130 130
27489 [POSITION] 12862630 150 128 130
27499 [POSITION] 15828189 94 156 130
27541 [POSITION] 12862630 150 130 130
27563 [POSITION] 15828189 92 156 130
27573 [POSITION] 13845253 92 154 130
27577 [POSITION] 12305568 92 156 130
27579 [POSITION] 12862630 152 130 130
27587 [POSITION] 15828189 90 156 130
27595 [POSITION] 14648328 92 154 130
27595 [POSITION] 15025258 92 154 130
27601 [POSITION] 13845253 92 156 130
27603 [POSITION] 13845253 90 156 130
27603 [POSITION] 12305568 90 156 130
27605 [POSITION] 15025258 92 156 130
27627 [POSITION] 12862630 150 130 130
27633 [POSITION] 15025258 90 156 130
27641 [POSITION] 14648328 90 154 130
27645 [POSITION] 12862630 150 128 130
27659 [POSITION] 12862630 148 128 130
27669 [POSITION] 2180208 150 128 130
27675 [POSITION] 2180208 148 128 130
27687 [POSITION] 12862630 146 128 130
27703 [POSITION] 2180208 146 128 130
27707 [POSITION] 2180208 148 128 130
27709 [POSITION] 12862630 148 128 130
27723 [POSITION] 15828189 92 156 130
27725 [POSITION] 15828189 92 154 130
27733 [POSITION] 7586527 148 128 130
27733 [MAXHEALTH] 7586527 240
27733 [ARMOR] 7586527 0.0
27733 [RESISTANCE] 7586527 50.0
27733 [POSITION] 15320124 148 126 130
27733 [MAXHEALTH] 15320124 240
27733 [ARMOR] 15320124 0.0
27733 [RESISTANCE] 15320124 50.0
27739 [POSITION] 13845253 92 156 130
27739 [POSITION] 14648328 90 156 130
27741 [POSITION] 12305568 92 156 130
27745 [POSITION] 13845253 92 154 130
27747 [POSITION] 15828189 94 154 130
27761 [POSITION] 12305568 92 154 130
27763 [POSITION] 5997299 148 128 130
27763 [MAXHEALTH] 5997299 240
27763 [ARMOR] 5997299 0.0
27763 [RESISTANCE] 5997299 50.0
27763 [POSITION] 10994444 148 128 130
27763 [MAXHEALTH] 10994444 240
27763 [ARMOR] 10994444 0.0
27763 [RESISTANCE] 10994444 50.0
27769 [POSITION] 12305568 94 154 130
27771 [POSITION] 13845253 94 154 130
27789 [POSITION] 14648328 92 156 130
27795 [POSITION] 14648328 92 154 130
27819 [POSITION] 14648328 94 154 130
27879 [POSITION] 5997299 150 128 130
27891 [POSITION] 10994444 150 128 130
27895 [POSITION] 15320124 150 126 130
28131 [POSITION] 5669593 156 122 130
28147 [POSITION] 8619056 158 120 130
28151 [POSITION] 8619056 156 120 130
28155 [POSITION] 10371837 158 120 130
28167 [POSITION] 10371837 156 120 130
28173 [POSITION] 8619056 156 118 130
28175 [POSITION] 5669593 156 120 130
28183 [POSITION] 8619056 158 118 130
28185 [POSITION] 10371837 156 118 130
28197 [POSITION] 10371837 158 118 130
28201 [POSITION] 8619056 158 116 130
28203 [POSITION] 5669593 156 118 130
28213 [POSITION] 5669593 158 118 130
28215 [POSITION] 10371837 158 116 130
28229 [POSITION] 8619056 158 114 130
28235 [POSITION] 5669593 158 116 130
28241 [POSITION] 8619056 160 114 130
28249 [POSITION] 10371837 158 114 130
28267 [POSITION] 5669593 158 114 130
28273 [POSITION] 5669593 160 114 130
28305 [POSITION] 8619056 158 114 130
28317 [POSITION] 8619056 158 116 130
28325 [POSITION] 10371837 158 116 130
28341 [POSITION] 5669593 158 114 130
28345 [POSITION] 5669593 158 116 130
28345 [POSITION] 8619056 158 118 130
28355 [POSITION] 10371837 158 118 130
28363 [POSITION] 8619056 156 118 130
28373 [POSITION] 10371837 156 118 130
28373 [POSITION] 8619056 156 120 130
28379 [POSITION] 5669593 158 118 130
28385 [POSITION] 10371837 156 120 130
28393 [POSITION] 8619056 158 120 130
28399 [POSITION] 5669593 156 118 130
28399 [POSITION] 8619056 158 122 130
28405 [POSITION] 10371837 158 120 130
28411 [POSITION] 5669593 156 120 130
28415 [POSITION] 10371837 158 122 130
28439 [POSITION] 5669593 156 122 130
28441 [POSITION] 5669593 158 122 130
28459 [POSITION] 5669593 156 122 130
28599 [POSITION] 13239549 158 122 130
28599 [MAXHEALTH] 13239549 600
28599 [ARMOR] 13239549 10.0
28599 [RESISTANCE] 13239549 0.0
28741 [POSITION] 3670216 146 128 130
28741 [MAXHEALTH] 3670216 800
28741 [ARMOR] 3670216 0.0
28741 [RESISTANCE] 3670216 50.0
28757 [POSITION] 3278081 162 134 130
28757 [MAXHEALTH] 3278081 300
28757 [ARMOR] 3278081 0.0
28757 [RESISTANCE] 3278081 0.0
28759 [POSITION] 2950612 148 128 130
28775 [POSITION] 10241525 150 128 130
28789 [POSITION] 2950612 150 128 130
28807 [POSITION] 12977623 150 128 130
28815 [POSITION] 12977623 150 126 130
28849 [POSITION] 12977623 150 128 130
28941 [POSITION] 2950612 148 128 130
28963 [POSITION] 9815276 158 122 130
28963 [MAXHEALTH] 9815276 600
28963 [ARMOR] 9815276 10.0
28963 [RESISTANCE] 9815276 0.0
29083 [POSITION] 5866934 160 134 130
29085 [POSITION] 5866934 160 132 130
29085 [POSITION] 11847136 160 134 130
29093 [POSITION] 8078792 160 134 130
29113 [POSITION] 8078792 160 132 130
29117 [POSITION] 11847136 160 132 130
29173 [POSITION] 11847136 160 134 130
29249 [POSITION] 13272357 146 128 130
29249 [MAXHEALTH] 13272357 800
29249 [ARMOR] 13272357 0.0
29249 [RESISTANCE] 13272357 50.0
29279 [POSITION] 8995850 162 134 130
29279 [MAXHEALTH] 8995850 600
29279 [ARMOR] 8995850 1.0
29279 [RESISTANCE] 8995850 0.0
29279 [POSITION] 11847136 160 132 130
29281 [POSITION] 11847136 160 134 130
29329 [POSITION] 1115551 158 122 130
29329 [MAXHEALTH] 1115551 1200
29329 [ARMOR] 1115551 11.0
29329 [RESISTANCE] 1115551 0.0
29621 [POSITION] 8619056 156 122 130
29639 [POSITION] 5522635 156 122 130
29643 [POSITION] 1279123 156 122 130
29647 [POSITION] 8619056 154 122 130
29647 [POSITION] 11650150 156 122 130
29663 [POSITION] 10371837 156 122 130
29675 [POSITION] 8619056 154 124 130
29675 [POSITION] 1279123 154 122 130
29697 [POSITION] 5522635 154 122 130
29717 [POSITION] 5669593 154 122 130
29739 [POSITION] 5522635 152 124 130
29743 [POSITION] 5522635 154 124 130
29745 [POSITION] 11650150 154 122 130
29755 [POSITION] 10371837 154 122 130
29755 [POSITION] 8619056 154 126 130
29761 [POSITION] 5669593 154 124 130
29763 [POSITION] 10371837 154 124 130
29767 [POSITION] 5522635 154 126 130
29773 [POSITION] 1279123 154 124 130
29775 [POSITION] 10371837 154 122 130
29791 [POSITION] 5669593 154 126 130
29795 [POSITION] 11650150 154 124 130
29803 [POSITION] 7488795 162 134 130
29803 [MAXHEALTH] 7488795 1100
29803 [ARMOR] 7488795 0.0
29803 [RESISTANCE] 7488795 0.0
29809 [POSITION] 8619056 154 124 130
29813 [POSITION] 5522635 154 128 130
29815 [POSITION] 10371837 154 124 130
29819 [POSITION] 1279123 154 126 130
29835 [POSITION] 5669593 154 128 130
29835 [POSITION] 8619056 154 122 130
29835 [POSITION] 11650150 154 126 130
29849 [POSITION] 5522635 154 126 130
29857 [POSITION] 10371837 154 126 130
29859 [POSITION] 8619056 156 122 130
29861 [POSITION] 5669593 154 126 130
29873 [POSITION] 1279123 154 128 130
29881 [POSITION] 1279123 154 126 130
29881 [POSITION] 5522635 154 124 130
29885 [POSITION] 8619056 158 122 130
29893 [POSITION] 5669593 154 124 130
29901 [POSITION] 10371837 154 124 130
29909 [POSITION] 5522635 154 122 130
29911 [POSITION] 1279123 154 124 130
29921 [POSITION] 5669593 154 122 130
29925 [POSITION] 11650150 154 124 130
29931 [POSITION] 10371837 154 122 130
29937 [POSITION] 5522635 156 122 130
29941 [POSITION] 1279123 154 122 130
29949 [POSITION] 5669593 156 122 130
29955 [POSITION] 11650150 154 122 130
29957 [POSITION] 10371837 156 122 130
29967 [POSITION] 5522635 158 122 130
29969 [POSITION] 1279123 156 122 130
29977 [POSITION] 5669593 158 122 130
29983 [POSITION] 11650150 156 122 130
29985 [POSITION] 10371837 158 122 130
29993 [POSITION] 10371837 158 124 130
29997 [POSITION] 10371837 158 122 130
30011 [POSITION] 11650150 158 122 130
30555 [POSITION] 10487146 162 134 130
30555 [MAXHEALTH] 10487146 350
30555 [ARMOR] 10487146 1.0
30555 [RESISTANCE] 10487146 0.0
31075 [POSITION] 3589595 162 134 130
31075 [MAXHEALTH] 3589595 1100
31075 [ARMOR] 3589595 4.0
31075 [RESISTANCE] 3589595 0.0
31273 [POSITION] 14304002 120 146 130
31273 [POSITION] 8389635 120 146 130
31283 [POSITION] 8389635 122 146 130
31291 [POSITION] 1999925 122 144 130
31293 [POSITION] 1999925 122 146 130
31301 [POSITION] 14304002 122 146 130
31327 [POSITION] 1999925 124 146 130
31331 [POSITION] 14304002 122 144 130
31331 [POSITION] 1999925 124 144 130
31345 [POSITION] 14304002 124 144 130
31363 [POSITION] 8389635 122 144 130
31371 [POSITION] 14304002 124 142 130
31373 [POSITION] 8389635 124 144 130
31393 [POSITION] 8389635 124 142 130
31411 [POSITION] 1999925 124 142 130
31421 [POSITION] 14304002 124 140 130
31437 [POSITION] 8389635 124 140 130
31449 [POSITION] 14304002 124 138 130
31463 [POSITION] 14304002 124 140 130
31471 [POSITION] 1999925 124 144 130
31477 [POSITION] 1999925 122 144 130
31493 [POSITION] 14304002 124 142 130
31505 [POSITION] 1999925 120 144 130
31521 [POSITION] 14304002 124 144 130
31529 [POSITION] 14304002 122 144 130
31535 [POSITION] 8389635 124 142 130
31559 [POSITION] 14304002 120 144 130
31565 [POSITION] 8389635 124 144 130
31573 [POSITION] 8389635 122 144 130
31595 [POSITION] 5571996 162 134 130
31595 [MAXHEALTH] 5571996 350
31595 [ARMOR] 5571996 1.0
31595 [RESISTANCE] 5571996 0.0
31605 [POSITION] 8389635 120 144 130
31803 [POSITION] 8995850 160 134 130
31805 [POSITION] 3278081 160 134 130
31817 [POSITION] 7488795 160 134 130
32569 [POSITION] 2671373 146 128 130
32569 [MAXHEALTH] 2671373 350
32569 [ARMOR] 2671373 1.0
32569 [RESISTANCE] 2671373 0.0
33305 [POSITION] 11748395 146 128 130
33305 [MAXHEALTH] 11748395 1100
33305 [ARMOR] 11748395 4.0
33305 [RESISTANCE] 11748395 0.0
33499 [POSITION] 3752687 106 162 130
33793 [POSITION] 14500034 138 154 130
33799 [POSITION] 1966822 136 152 130
33803 [POSITION] 1966822 136 154 130
33809 [POSITION] 14500034 136 154 130
33819 [POSITION] 15467223 138 154 130
33867 [POSITION] 14500034 138 154 130
33885 [POSITION] 14500034 136 154 130
34027 [POSITION] 9356164 112 160 130
34063 [POSITION] 16139293 112 158 130
34099 [POSITION] 14320376 124 154 130
34099 [POSITION] 13878151 124 154 130
34111 [POSITION] 1966814 162 134 130
34111 [MAXHEALTH] 1966814 350
34111 [ARMOR] 1966814 2.0
34111 [RESISTANCE] 1966814 0.0
34125 [POSITION] 13878151 124 156 130
34129 [POSITION] 16139293 112 160 130
34131 [POSITION] 13878151 122 156 130
34139 [POSITION] 4899880 124 154 130
34149 [POSITION] 14320376 124 156 130
34151 [POSITION] 14320376 122 156 130
34157 [POSITION] 13878151 124 156 130
34165 [POSITION] 4899880 124 156 130
34171 [POSITION] 4899880 122 156 130
34265 [POSITION] 13878151 122 156 130
34293 [POSITION] 13878151 124 156 130
34297 [POSITION] 13878151 124 154 130
34305 [POSITION] 14320376 124 156 130
34309 [POSITION] 14320376 124 154 130
34311 [POSITION] 4899880 124 156 130
34315 [POSITION] 4899880 124 154 130
34325 [POSITION] 13878151 126 154 130
34337 [POSITION] 13878151 124 154 130
34353 [POSITION] 4899880 122 154 130
34357 [POSITION] 4899880 122 156 130
34359 [POSITION] 4899880 122 154 130
34373 [POSITION] 13878151 122 156 130
34587 [POSITION] 3244551 162 134 130
34587 [MAXHEALTH] 3244551 350
34587 [ARMOR] 3244551 2.0
34587 [RESISTANCE] 3244551 0.0
35063 [POSITION] 11551796 162 132 130
35063 [MAXHEALTH] 11551796 950
35063 [ARMOR] 11551796 4.0
35063 [RESISTANCE] 11551796 0.0
35295 [POSITION] 12305568 94 156 130
35299 [POSITION] 12305568 96 156 130
35307 [POSITION] 15828189 96 154 130
35317 [POSITION] 15828189 94 154 130
35319 [POSITION] 15828189 94 156 130
35339 [POSITION] 12305568 94 156 130
35365 [POSITION] 12305568 92 156 130
35377 [POSITION] 14648328 92 154 130
35377 [POSITION] 15828189 92 156 130
35381 [POSITION] 14648328 92 156 130
35391 [POSITION] 12305568 90 156 130
35401 [POSITION] 15828189 90 156 130
35405 [POSITION] 13845253 92 154 130
35417 [POSITION] 13845253 92 156 130
35417 [POSITION] 12305568 88 156 130
35419 [POSITION] 14648328 90 156 130
35425 [POSITION] 15828189 88 156 130
35435 [POSITION] 13845253 90 156 130
35435 [POSITION] 11011272 106 164 130
35447 [POSITION] 14648328 88 156 130
35449 [POSITION] 15828189 86 156 130
35465 [POSITION] 13845253 88 156 130
35473 [POSITION] 15828189 84 156 130
35477 [POSITION] 14648328 86 156 130
35493 [POSITION] 13845253 86 156 130
35499 [POSITION] 15828189 82 156 130
35523 [POSITION] 13845253 84 156 130
35531 [POSITION] 15828189 84 156 130
35545 [POSITION] 3589595 160 134 130
35555 [POSITION] 15828189 86 156 130
35567 [POSITION] 5571996 160 134 130
35579 [POSITION] 13845253 86 156 130
35579 [POSITION] 15828189 88 156 130
35583 [POSITION] 10487146 160 134 130
35603 [POSITION] 15828189 90 156 130
35609 [POSITION] 13845253 88 156 130
35629 [POSITION] 15828189 92 156 130
35631 [POSITION] 15828189 92 154 130
35637 [POSITION] 13845253 90 156 130
35655 [POSITION] 15828189 94 154 130
35669 [POSITION] 13845253 92 154 130
35671 [POSITION] 10487146 160 132 130
35699 [POSITION] 13845253 94 154 130
35705 [POSITION] 3589595 160 132 130
35709 [POSITION] 10765642 106 162 130
35709 [MAXHEALTH] 10765642 240
35709 [ARMOR] 10765642 0.0
35709 [RESISTANCE] 10765642 0.0
35713 [POSITION] 3589595 158 132 130
35725 [POSITION] 5571996 160 132 130
35733 [POSITION] 5571996 158 132 130
35739 [POSITION] 3589595 158 130 130
35745 [POSITION] 3589595 158 132 130
35905 [POSITION] 15451371 126 152 130
35905 [MAXHEALTH] 15451371 500
35905 [ARMOR] 15451371 1.0
35905 [RESISTANCE] 15451371 0.0
35953 [POSITION] 3343557 112 160 130
35953 [MAXHEALTH] 3343557 500
35953 [ARMOR] 3343557 1.0
35953 [RESISTANCE] 3343557 0.0
35967 [POSITION] 8226110 138 152 130
35967 [MAXHEALTH] 8226110 350
35967 [ARMOR] 8226110 2.0
35967 [RESISTANCE] 8226110 0.0
35983 [POSITION] 9405579 106 162 130
35983 [MAXHEALTH] 9405579 240
35983 [ARMOR] 9405579 0.0
35983 [RESISTANCE] 9405579 0.0
36257 [POSITION] 3687175 106 162 130
36257 [MAXHEALTH] 3687175 240
36257 [ARMOR] 3687175 0.0
36257 [RESISTANCE] 3687175 0.0
36375 [POSITION] 1082793 126 154 130
36375 [MAXHEALTH] 1082793 500
36375 [ARMOR] 1082793 1.0
36375 [RESISTANCE] 1082793 0.0
36383 [POSITION] 2720521 162 94 130
36393 [POSITION] 7570443 160 94 130
36395 [POSITION] 7570443 160 96 130
36415 [POSITION] 2720521 160 96 130
36425 [POSITION] 7570443 160 98 130
36431 [POSITION] 7570443 158 98 130
36445 [POSITION] 2720521 160 98 130
36453 [POSITION] 2720521 158 98 130
36455 [POSITION] 7570443 158 100 130
36469 [POSITION] 11191675 110 162 130
36469 [MAXHEALTH] 11191675 500
36469 [ARMOR] 11191675 1.0
36469 [RESISTANCE] 11191675 0.0
36477 [POSITION] 2720521 158 100 130
36481 [POSITION] 7570443 158 102 128
36497 [POSITION] 787172 138 152 130
36497 [MAXHEALTH] 787172 350
36497 [ARMOR] 787172 2.0
36497 [RESISTANCE] 787172 0.0
36503 [POSITION] 2720521 158 102 128
36505 [POSITION] 7570443 158 104 128
36527 [POSITION] 2720521 158 104 128
36531 [POSITION] 14156868 106 164 130
36531 [MAXHEALTH] 14156868 325
36531 [ARMOR] 14156868 1.0
36531 [RESISTANCE] 14156868 0.0
36551 [POSITION] 7570443 158 102 128
36559 [POSITION] 2720521 158 102 128
36575 [POSITION] 7570443 158 100 130
36583 [POSITION] 2720521 158 100 130
36599 [POSITION] 7570443 158 98 130
36607 [POSITION] 2720521 158 98 130
36627 [POSITION] 7570443 160 98 130
36631 [POSITION] 7570443 160 96 130
36637 [POSITION] 2720521 158 96 130
36645 [POSITION] 2720521 160 96 130
36647 [POSITION] 5276716 114 94 130
36649 [POSITION] 1835769 112 96 130
36661 [POSITION] 7570443 160 94 130
36663 [POSITION] 5276716 114 96 130
36665 [POSITION] 7570443 162 94 130
36673 [POSITION] 2720521 160 94 130
36677 [POSITION] 14091192 114 94 130
36679 [POSITION] 2720521 162 94 130
36679 [POSITION] 14091192 114 96 130
36691 [POSITION] 1835769 114 96 130
36691 [POSITION] 5276716 116 96 130
36707 [POSITION] 2720521 162 92 130
36711 [POSITION] 14091192 116 96 130
36715 [POSITION] 5276716 118 96 130
36719 [POSITION] 1835769 116 96 130
36735 [POSITION] 14091192 118 96 130
36743 [POSITION] 1835769 118 96 130
36763 [POSITION] 5276716 116 96 130
36769 [POSITION] 14091192 120 96 130
36787 [POSITION] 14091192 118 96 130
36787 [POSITION] 5276716 114 96 130
36799 [POSITION] 1835769 116 96 130
36805 [POSITION] 13075722 106 162 130
36805 [MAXHEALTH] 13075722 400
36805 [ARMOR] 13075722 1.0
36805 [RESISTANCE] 13075722 0.0
36813 [POSITION] 14091192 116 96 130
36817 [POSITION] 5276716 114 94 130
36825 [POSITION] 1835769 114 96 130
36829 [POSITION] 5276716 112 94 130
36837 [POSITION] 14091192 114 96 130
36845 [POSITION] 10601042 124 154 130
36845 [MAXHEALTH] 10601042 600
36845 [ARMOR] 10601042 3.0
36845 [RESISTANCE] 10601042 0.0
36855 [POSITION] 1835769 114 94 130
36861 [POSITION] 1835769 112 94 130
36867 [POSITION] 14091192 114 94 130
36871 [POSITION] 14091192 112 94 130
36987 [POSITION] 5522585 112 160 130
36987 [MAXHEALTH] 5522585 600
36987 [ARMOR] 5522585 3.0
36987 [RESISTANCE] 5522585 0.0
36995 [POSITION] 14091192 112 96 130
37011 [POSITION] 14091192 110 96 130
37017 [POSITION] 5276716 110 96 130
37023 [POSITION] 1835769 112 96 130
37029 [POSITION] 1835769 110 96 130
37029 [POSITION] 5489935 138 152 130
37029 [MAXHEALTH] 5489935 950
37029 [ARMOR] 5489935 4.0
37029 [RESISTANCE] 5489935 0.0
37035 [POSITION] 14091192 110 98 130
37041 [POSITION] 14091192 108 98 130
37051 [POSITION] 5276716 108 98 130
37059 [POSITION] 1835769 110 98 130
37061 [POSITION] 1835769 108 98 130
37089 [POSITION] 5276716 106 100 130
37093 [POSITION] 5276716 106 98 130
37095 [POSITION] 5276716 108 98 130
37111 [POSITION] 14091192 110 98 130
37119 [POSITION] 14091192 110 96 130
37127 [POSITION] 5276716 108 96 130
37129 [POSITION] 1835769 110 98 130
37129 [POSITION] 5276716 110 96 130
37135 [POSITION] 1835769 110 96 130
37141 [POSITION] 14091192 112 96 130
37159 [POSITION] 14091192 112 94 130
37161 [POSITION] 5276716 110 94 130
37163 [POSITION] 5276716 112 94 130
37165 [POSITION] 1835769 112 96 130
37169 [POSITION] 1835769 112 94 130
37607 [POSITION] 13272357 148 128 130
37609 [POSITION] 3670216 148 128 130
37631 [POSITION] 13272357 150 128 130
37659 [POSITION] 13223313 162 134 130
37659 [MAXHEALTH] 13223313 500
37659 [ARMOR] 13223313 0.0
37659 [RESISTANCE] 13223313 0.0
37741 [POSITION] 803436 150 128 130
37741 [MAXHEALTH] 803436 240
37741 [ARMOR] 803436 0.0
37741 [RESISTANCE] 803436 50.0
37741 [POSITION] 508944 148 128 130
37741 [MAXHEALTH] 508944 240
37741 [ARMOR] 508944 0.0
37741 [RESISTANCE] 508944 50.0
37773 [POSITION] 803436 148 128 130
37857 [POSITION] 15483607 150 128 130
37857 [MAXHEALTH] 15483607 240
37857 [ARMOR] 15483607 0.0
37857 [RESISTANCE] 15483607 50.0
37857 [POSITION] 10077370 150 128 130
37857 [MAXHEALTH] 10077370 240
37857 [ARMOR] 10077370 0.0
37857 [RESISTANCE] 10077370 50.0
37953 [POSITION] 508944 150 128 130
38083 [POSITION] 7652601 162 132 130
38083 [MAXHEALTH] 7652601 500
38083 [ARMOR] 7652601 0.0
38083 [RESISTANCE] 7652601 0.0
38095 [POSITION] 1966814 160 134 130
38097 [POSITION] 11551796 160 134 130
38109 [POSITION] 3244551 160 134 130
38507 [POSITION] 5816921 162 134 130
38507 [MAXHEALTH] 5816921 1100
38507 [ARMOR] 5816921 1.0
38507 [RESISTANCE] 5816921 0.0
38783 [POSITION] 3687511 112 160 130
38795 [POSITION] 14025946 112 158 130
38813 [POSITION] 5538991 112 158 130
38827 [POSITION] 14025946 112 156 130
38833 [POSITION] 3687511 112 158 130
39035 [POSITION] 5522585 110 160 130
39091 [POSITION] 8242284 124 154 130
39099 [POSITION] 7668897 124 154 130
39297 [POSITION] 16172495 124 154 130
39297 [MAXHEALTH] 16172495 240
39297 [ARMOR] 16172495 0.0
39297 [RESISTANCE] 16172495 50.0
39297 [POSITION] 8947175 124 154 130
39297 [MAXHEALTH] 8947175 240
39297 [ARMOR] 8947175 0.0
39297 [RESISTANCE] 8947175 50.0
39363 [POSITION] 11699621 124 154 130
39363 [MAXHEALTH] 11699621 240
39363 [ARMOR] 11699621 0.0
39363 [RESISTANCE] 11699621 50.0
39363 [POSITION] 10765796 124 154 130
39363 [MAXHEALTH] 10765796 240
39363 [ARMOR] 10765796 0.0
39363 [RESISTANCE] 10765796 50.0
39373 [POSITION] 11699621 126 154 130
39377 [POSITION] 10765796 126 154 130
39399 [POSITION] 10765796 124 154 130
39417 [POSITION] 15058026 162 134 130
39417 [MAXHEALTH] 15058026 350
39417 [ARMOR] 15058026 1.0
39417 [RESISTANCE] 15058026 0.0
39421 [POSITION] 11699621 124 154 130
39427 [POSITION] 10765796 126 154 130
39465 [POSITION] 11699621 126 154 130
39539 [POSITION] 10880406 146 128 130
39539 [MAXHEALTH] 10880406 850
39539 [ARMOR] 10880406 1.0
39539 [RESISTANCE] 10880406 0.0
39671 [POSITION] 11191675 112 162 130
39673 [POSITION] 11191675 112 160 130
39687 [POSITION] 5522585 112 160 130
39699 [POSITION] 13681699 112 160 130
39699 [MAXHEALTH] 13681699 800
39699 [ARMOR] 13681699 0.0
39699 [RESISTANCE] 13681699 50.0
39799 [POSITION] 3786171 162 134 130
39799 [MAXHEALTH] 3786171 1100
39799 [ARMOR] 3786171 4.0
39799 [RESISTANCE] 3786171 0.0
39823 [POSITION] 11191675 112 158 130
39847 [POSITION] 11191675 112 156 130
39889 [POSITION] 11191675 110 156 130
39911 [POSITION] 11191675 112 156 130
40041 [POSITION] 13205731 148 128 130
40041 [MAXHEALTH] 13205731 850
40041 [ARMOR] 13205731 1.0
40041 [RESISTANCE] 13205731 0.0
40179 [POSITION] 869423 162 134 130
40179 [MAXHEALTH] 869423 350
40179 [ARMOR] 869423 1.0
40179 [RESISTANCE] 869423 0.0
40363 [POSITION] 2671984 112 160 130
40363 [MAXHEALTH] 2671984 800
40363 [ARMOR] 2671984 0.0
40363 [RESISTANCE] 2671984 50.0
40505 [POSITION] 6440257 150 92 128
40507 [POSITION] 16647473 150 92 128
40521 [POSITION] 6440257 150 92 130
40523 [POSITION] 16647473 150 92 130
40539 [POSITION] 16647473 152 92 130
40543 [POSITION] 6029525 148 128 130
40543 [MAXHEALTH] 6029525 600
40543 [ARMOR] 6029525 0.0
40543 [RESISTANCE] 6029525 0.0
40551 [POSITION] 16647473 152 90 130
40657 [POSITION] 12944709 152 92 130
40669 [POSITION] 16647473 152 88 130
40671 [POSITION] 12944709 152 90 130
40689 [POSITION] 6440257 152 90 130
40697 [POSITION] 16647473 152 86 130
40703 [POSITION] 12944709 152 88 130
40727 [POSITION] 6440257 152 88 130
40729 [POSITION] 16647473 150 86 130
40733 [POSITION] 12944709 152 86 130
40753 [POSITION] 16647473 150 88 130
40757 [POSITION] 6440257 152 86 130
40759 [POSITION] 16647473 148 88 130
40763 [POSITION] 12944709 150 86 130
40787 [POSITION] 6440257 150 86 130
40793 [POSITION] 12944709 148 86 130
40807 [POSITION] 16647473 148 86 130
40811 [POSITION] 16647473 150 86 130
40821 [POSITION] 12944709 150 86 130
40835 [POSITION] 3687175 106 164 130
40835 [POSITION] 13075722 106 164 130
40841 [POSITION] 16647473 152 86 130
40851 [POSITION] 12944709 152 86 130
40867 [POSITION] 6440257 152 86 130
40873 [POSITION] 16647473 152 88 130
40881 [POSITION] 12944709 152 88 130
40897 [POSITION] 6440257 152 88 130
40903 [POSITION] 16647473 152 90 130
40911 [POSITION] 12944709 152 90 130
40927 [POSITION] 6440257 152 90 130
40933 [POSITION] 16647473 150 90 130
40941 [POSITION] 16647473 150 92 130
40943 [POSITION] 12944709 150 90 130
40949 [POSITION] 12944709 150 92 130
40957 [POSITION] 6440257 150 90 130
40971 [POSITION] 6440257 150 92 130
40975 [POSITION] 6440257 150 90 130
40989 [POSITION] 6440257 150 92 130
41167 [POSITION] 6357587 132 90 130
41173 [POSITION] 12485375 132 90 130
41175 [POSITION] 6357587 132 88 130
41197 [POSITION] 12485375 132 88 130
41201 [POSITION] 6357587 132 86 130
41215 [POSITION] 13288720 106 164 130
41215 [MAXHEALTH] 13288720 370
41215 [ARMOR] 13288720 1.0
41215 [RESISTANCE] 13288720 0.0
41223 [POSITION] 12485375 132 86 130
41261 [POSITION] 1082493 94 154 130
41261 [MAXHEALTH] 1082493 350
41261 [ARMOR] 1082493 2.0
41261 [RESISTANCE] 1082493 0.0
41263 [POSITION] 6357587 132 88 130
41275 [POSITION] 12485375 132 88 130
41301 [POSITION] 12485375 132 90 130
41311 [POSITION] 12485375 130 90 130
41329 [POSITION] 6357587 132 86 130
41329 [POSITION] 1737593 150 92 130
41329 [MAXHEALTH] 1737593 400
41329 [ARMOR] 1737593 1.0
41329 [RESISTANCE] 1737593 0.0
41337 [POSITION] 12485375 130 92 130
41365 [POSITION] 12485375 130 94 130
41385 [POSITION] 12485375 128 94 130
41399 [POSITION] 12485375 128 92 130
41401 [POSITION] 6357587 132 88 130
41413 [POSITION] 12485375 126 92 130
41415 [POSITION] 11617039 96 134 130
41431 [POSITION] 6357587 132 90 130
41431 [POSITION] 16434197 96 134 130
41439 [POSITION] 6357587 130 90 130
41441 [POSITION] 12485375 126 90 130
41441 [POSITION] 11617039 94 134 130
41447 [POSITION] 11617039 94 132 130
41455 [POSITION] 16434197 94 134 130
41457 [POSITION] 16434197 94 132 130
41465 [POSITION] 11617039 92 132 130
41477 [POSITION] 11617039 92 134 130
41481 [POSITION] 16434197 92 132 130
41483 [POSITION] 12485375 126 92 130
41491 [POSITION] 16434197 92 134 130
41493 [POSITION] 6357587 132 90 130
41507 [POSITION] 6357587 132 88 130
41511 [POSITION] 12485375 128 92 130
41523 [POSITION] 6357587 134 88 130
41525 [POSITION] 12485375 128 94 130
41539 [POSITION] 12485375 130 94 130
41539 [POSITION] 525328 112 160 130
41539 [MAXHEALTH] 525328 350
41539 [ARMOR] 525328 1.0
41539 [RESISTANCE] 525328 0.0
41549 [POSITION] 6357587 136 88 130
41559 [POSITION] 12485375 130 92 130
41575 [POSITION] 6357587 138 88 130
41587 [POSITION] 12485375 130 90 130
41587 [POSITION] 11617039 92 132 130
41589 [POSITION] 6357587 136 88 130
41589 [POSITION] 7292243 126 152 130
41589 [MAXHEALTH] 7292243 800
41589 [ARMOR] 7292243 0.0
41589 [RESISTANCE] 7292243 50.0
41593 [POSITION] 13993348 106 162 130
41593 [MAXHEALTH] 13993348 370
41593 [ARMOR] 13993348 1.0
41593 [RESISTANCE] 13993348 0.0
41599 [POSITION] 11617039 94 132 130
41615 [POSITION] 6357587 134 88 130
41617 [POSITION] 11617039 94 134 130
41623 [POSITION] 11617039 96 134 130
41631 [POSITION] 6357587 134 90 130
41639 [POSITION] 6357587 132 90 130
41647 [POSITION] 16647473 150 90 130
41653 [POSITION] 16647473 152 90 130
41657 [POSITION] 4539873 150 90 130
41657 [POSITION] 8668664 152 92 130
41663 [POSITION] 8668664 152 90 130
41665 [POSITION] 6357587 130 90 130
41669 [POSITION] 12944709 150 90 130
41671 [POSITION] 12944709 152 90 130
41673 [POSITION] 9897425 152 90 130
41685 [POSITION] 16647473 152 88 130
41685 [POSITION] 6079986 94 154 130
41685 [MAXHEALTH] 6079986 350
41685 [ARMOR] 6079986 2.0
41685 [RESISTANCE] 6079986 0.0
41687 [POSITION] 16647473 154 88 130
41701 [POSITION] 6440257 150 90 130
41701 [POSITION] 9897425 152 88 130
41701 [POSITION] 4539873 152 90 130
41703 [POSITION] 6440257 152 90 130
41703 [POSITION] 9897425 154 88 130
41717 [POSITION] 12944709 152 88 130
41719 [POSITION] 12944709 154 88 130
41721 [POSITION] 16647473 156 88 130
41723 [POSITION] 16647473 156 86 130
41731 [POSITION] 4539873 154 88 130
41737 [POSITION] 9897425 156 88 130
41739 [POSITION] 9897425 156 86 130
41743 [POSITION] 8668664 154 90 130
41745 [POSITION] 8668664 154 88 130
41749 [POSITION] 16647473 158 86 130
41753 [POSITION] 12944709 156 88 130
41755 [POSITION] 12944709 156 86 130
41763 [POSITION] 6440257 154 90 130
41765 [POSITION] 6440257 154 88 130
41765 [POSITION] 9897425 158 86 130
41767 [POSITION] 4539873 156 88 130
41769 [POSITION] 4539873 156 86 130
41775 [POSITION] 16647473 160 88 130
41779 [POSITION] 9897425 158 88 130
41781 [POSITION] 12944709 158 86 130
41785 [POSITION] 8668664 156 88 130
41787 [POSITION] 8668664 156 86 130
41791 [POSITION] 12944709 158 88 130
41791 [POSITION] 9897425 160 88 130
41793 [POSITION] 4539873 158 86 130
41799 [POSITION] 6440257 156 88 130
41799 [POSITION] 4539873 158 88 130
41801 [POSITION] 6440257 156 86 130
41807 [POSITION] 12944709 160 88 130
41807 [POSITION] 8668664 158 86 130
41813 [POSITION] 8668664 158 88 130
41815 [POSITION] 9897425 162 88 130
41819 [POSITION] 2720521 162 94 130
41819 [POSITION] 4539873 160 88 130
41821 [POSITION] 6817226 150 92 130
41821 [MAXHEALTH] 6817226 400
41821 [ARMOR] 6817226 1.0
41821 [RESISTANCE] 6817226 0.0
41821 [POSITION] 9897425 160 88 130
41827 [POSITION] 6440257 158 86 130
41829 [POSITION] 8668664 160 88 130
41835 [POSITION] 6440257 158 88 130
41839 [POSITION] 6440257 158 86 130
41841 [POSITION] 7570443 162 96 130
41845 [POSITION] 9897425 158 88 130
41847 [POSITION] 12944709 158 88 130
41855 [POSITION] 4539873 158 88 130
41861 [POSITION] 2720521 162 96 130
41863 [POSITION] 9897425 158 86 130
41863 [POSITION] 4539873 158 86 130
41863 [POSITION] 8668664 158 88 130
41865 [POSITION] 7570443 164 96 130
41865 [POSITION] 12944709 158 86 130
41871 [POSITION] 9897425 156 86 130
41873 [POSITION] 12944709 156 86 130
41879 [POSITION] 4539873 156 86 130
41879 [POSITION] 8668664 158 86 130
41883 [POSITION] 2720521 164 96 130
41885 [POSITION] 8668664 156 86 130
41889 [POSITION] 7570443 166 96 130
41899 [POSITION] 6440257 156 86 130
41899 [POSITION] 12944709 156 88 130
41899 [POSITION] 9897425 154 88 130
41901 [POSITION] 12944709 154 88 130
41905 [POSITION] 4539873 156 88 130
41907 [POSITION] 2720521 166 96 130
41907 [POSITION] 4539873 154 88 130
41907 [POSITION] 8668664 154 88 130
41919 [POSITION] 7570443 168 96 130
41923 [POSITION] 7570443 168 94 130
41925 [POSITION] 6440257 156 88 130
41927 [POSITION] 6440257 154 88 130
41935 [POSITION] 12944709 152 88 130
41935 [POSITION] 9897425 152 90 130
41935 [POSITION] 8668664 152 88 130
41937 [POSITION] 2720521 168 96 130
41937 [POSITION] 12944709 152 90 130
41937 [POSITION] 8668664 152 90 130
41941 [POSITION] 2720521 168 94 130
41943 [POSITION] 4539873 152 90 130
41945 [POSITION] 7570443 170 94 130
41961 [POSITION] 6440257 152 88 130
41963 [POSITION] 6440257 152 90 130
41965 [POSITION] 2720521 170 94 130
41965 [POSITION] 9897425 150 90 130
41965 [POSITION] 8668664 150 90 130
41967 [POSITION] 8668664 150 92 130
41969 [POSITION] 7570443 172 94 130
41969 [POSITION] 12944709 150 90 130
41971 [POSITION] 15385874 106 162 130
41971 [MAXHEALTH] 15385874 370
41971 [ARMOR] 15385874 1.0
41971 [RESISTANCE] 15385874 0.0
41973 [POSITION] 4539873 150 90 130
41975 [POSITION] 12944709 150 92 130
41987 [POSITION] 4539873 150 92 130
41991 [POSITION] 7570443 170 94 130
41993 [POSITION] 6440257 150 90 130
42007 [POSITION] 6440257 150 92 130
42015 [POSITION] 7570443 168 94 130
42025 [POSITION] 2720521 168 94 130
42027 [POSITION] 7570443 168 96 130
42043 [POSITION] 2720521 168 96 130
42043 [POSITION] 7570443 166 96 130
42053 [POSITION] 2720521 166 96 130
42071 [POSITION] 7570443 164 96 130
42083 [POSITION] 2720521 164 96 130
42095 [POSITION] 7570443 162 96 130
42107 [POSITION] 2720521 162 96 130
42109 [POSITION] 5309458 94 154 130
42109 [MAXHEALTH] 5309458 950
42109 [ARMOR] 5309458 4.0
42109 [RESISTANCE] 5309458 0.0
42119 [POSITION] 7570443 162 94 130
42131 [POSITION] 2720521 162 94 130
42155 [POSITION] 2720521 162 92 130
42241 [POSITION] 6325657 112 160 130
42241 [MAXHEALTH] 6325657 1100
42241 [ARMOR] 6325657 4.0
42241 [RESISTANCE] 6325657 0.0
42313 [POSITION] 5932032 150 92 130
42313 [MAXHEALTH] 5932032 500
42313 [ARMOR] 5932032 1.0
42313 [RESISTANCE] 5932032 0.0
42343 [POSITION] 11568180 126 154 130
42343 [MAXHEALTH] 11568180 800
42343 [ARMOR] 11568180 0.0
42343 [RESISTANCE] 11568180 50.0
42803 [POSITION] 2720521 162 94 130
43023 [POSITION] 15451292 98 134 130
43023 [MAXHEALTH] 15451292 500
43023 [ARMOR] 15451292 1.0
43023 [RESISTANCE] 15451292 0.0
43409 [POSITION] 12584367 98 134 130
43409 [MAXHEALTH] 12584367 500
43409 [ARMOR] 12584367 1.0
43409 [RESISTANCE] 12584367 0.0
43619 [POSITION] 11650150 156 122 130
43621 [POSITION] 5522635 158 124 130
43627 [POSITION] 10371837 158 122 128
43627 [POSITION] 8619056 156 122 130
43633 [POSITION] 5669593 158 122 128
43637 [POSITION] 5522635 158 122 130
43643 [POSITION] 10371837 158 122 130
43647 [POSITION] 11650150 154 122 130
43647 [POSITION] 5522635 156 122 130
43649 [POSITION] 5669593 158 122 130
43651 [POSITION] 5669593 156 122 130
43665 [POSITION] 8619056 154 122 130
43671 [POSITION] 10371837 156 122 130
43673 [POSITION] 1279123 154 122 130
43677 [POSITION] 11650150 154 124 130
43679 [POSITION] 11650150 152 124 130
43681 [POSITION] 5669593 154 122 130
43691 [POSITION] 8619056 154 124 130
43693 [POSITION] 8619056 152 124 130
43693 [POSITION] 5522635 154 122 130
43703 [POSITION] 1279123 152 122 130
43711 [POSITION] 10371837 154 122 130
43719 [POSITION] 11650150 150 124 130
43721 [POSITION] 11650150 150 122 130
43723 [POSITION] 5669593 152 122 130
43731 [POSITION] 1279123 150 122 130
43737 [POSITION] 8619056 152 122 130
43741 [POSITION] 10371837 152 122 130
43743 [POSITION] 8619056 150 122 130
43743 [POSITION] 5522635 152 122 130
43751 [POSITION] 11650150 148 122 130
43753 [POSITION] 5669593 150 122 130
43769 [POSITION] 10371837 150 122 130
43771 [POSITION] 8619056 148 122 130
43771 [POSITION] 5522635 150 122 130
43779 [POSITION] 1279123 148 122 130
43793 [POSITION] 5669593 148 122 130
43795 [POSITION] 13419788 98 134 130
43795 [MAXHEALTH] 13419788 600
43795 [ARMOR] 13419788 3.0
43795 [RESISTANCE] 13419788 0.0
43809 [POSITION] 11650150 150 122 130
43817 [POSITION] 8619056 150 122 130
43821 [POSITION] 1279123 150 122 130
43821 [POSITION] 5522635 148 122 130
43829 [POSITION] 5522635 150 122 130
43839 [POSITION] 11650150 152 122 130
43843 [POSITION] 5669593 150 122 130
43843 [POSITION] 8619056 152 122 130
43851 [POSITION] 1279123 152 122 130
43859 [POSITION] 5522635 152 122 130
43865 [POSITION] 10371837 152 122 130
43867 [POSITION] 11650150 154 122 130
43869 [POSITION] 8619056 154 122 130
43871 [POSITION] 5669593 152 122 130
43879 [POSITION] 1279123 154 122 130
43887 [POSITION] 5522635 154 122 130
43895 [POSITION] 10371837 154 122 130
43895 [POSITION] 8619056 156 122 130
43895 [POSITION] 11650150 156 122 130
43901 [POSITION] 5669593 154 122 130
43909 [POSITION] 1279123 156 122 130
43915 [POSITION] 5522635 156 122 130
43919 [POSITION] 8619056 158 122 130
43923 [POSITION] 10371837 156 122 130
43923 [POSITION] 11650150 158 122 130
43929 [POSITION] 5669593 156 122 130
43937 [POSITION] 1279123 158 122 130
43943 [POSITION] 5522635 158 122 130
43951 [POSITION] 10371837 158 122 130
43957 [POSITION] 5669593 156 124 130
44437 [POSITION] 12092586 162 94 130
44961 [POSITION] 7472466 162 92 130
44961 [MAXHEALTH] 7472466 300
44961 [ARMOR] 7472466 0.0
44961 [RESISTANCE] 7472466 0.0
45429 [POSITION] 12567313 124 102 130
45443 [POSITION] 12567313 122 102 130
45455 [POSITION] 6800408 124 102 130
45459 [POSITION] 6800408 122 102 130
45471 [POSITION] 12567313 122 104 130
45473 [POSITION] 12567313 120 104 130
45483 [POSITION] 2835479 164 94 130
45483 [MAXHEALTH] 2835479 600
45483 [ARMOR] 2835479 1.0
45483 [RESISTANCE] 2835479 0.0
45489 [POSITION] 6800408 120 102 130
45493 [POSITION] 6800408 120 104 130
45501 [POSITION] 12567313 118 104 130
45513 [POSITION] 12567313 118 106 130
45519 [POSITION] 6800408 118 104 130
45531 [POSITION] 6800408 118 106 130
45551 [POSITION] 12567313 118 104 130
45557 [POSITION] 6800408 118 104 130
45563 [POSITION] 12567313 120 104 130
45569 [POSITION] 6800408 120 104 130
45593 [POSITION] 12567313 122 102 130
45597 [POSITION] 6800408 120 102 130
45599 [POSITION] 6800408 122 102 130
45623 [POSITION] 12567313 124 102 130
45629 [POSITION] 6800408 124 102 130
45635 [POSITION] 12567313 124 100 130
45637 [POSITION] 6800408 124 100 130
46007 [POSITION] 4374766 162 94 130
46007 [MAXHEALTH] 4374766 1100
46007 [ARMOR] 4374766 0.0
46007 [RESISTANCE] 4374766 0.0
46071 [POSITION] 1835769 112 96 130
46085 [POSITION] 14091192 112 96 130
46343 [POSITION] 1082793 124 154 130
46349 [POSITION] 15451371 124 152 130
46353 [POSITION] 10601042 124 152 130
46361 [POSITION] 10601042 122 152 130
46363 [POSITION] 14091192 112 98 130
46367 [POSITION] 14091192 110 98 130
46367 [POSITION] 15451371 124 154 130
46397 [POSITION] 14091192 110 100 130
46399 [POSITION] 14091192 108 100 130
46401 [POSITION] 10601042 122 154 130
46415 [POSITION] 15451371 122 154 130
46465 [POSITION] 14091192 108 98 130
46467 [POSITION] 14091192 110 98 130
46497 [POSITION] 14091192 110 96 130
46505 [POSITION] 14091192 112 96 130
46529 [POSITION] 14091192 112 94 130
46607 [POSITION] 9897425 150 92 130
46609 [POSITION] 13681699 112 158 130
46619 [POSITION] 2671984 112 158 130
46621 [POSITION] 9897425 150 92 128
46629 [POSITION] 4539873 150 92 128
46631 [POSITION] 8668664 150 94 130
46633 [POSITION] 13681699 112 156 130
46633 [POSITION] 8668664 152 94 130
46637 [POSITION] 9897425 150 92 130
46645 [POSITION] 13681699 110 156 130
46645 [POSITION] 2671984 112 156 130
46645 [POSITION] 4539873 150 92 130
46651 [POSITION] 9897425 152 92 130
46655 [POSITION] 9897425 152 94 130
46655 [POSITION] 8668664 152 96 130
46657 [POSITION] 2671984 110 156 130
46657 [POSITION] 4539873 150 94 130
46665 [POSITION] 4539873 152 94 130
46671 [POSITION] 13681699 108 156 130
46677 [POSITION] 8668664 150 96 130
46681 [POSITION] 12944709 152 92 130
46681 [POSITION] 2671984 108 156 130
46683 [POSITION] 9897425 152 96 130
46691 [POSITION] 8668664 150 98 130
46693 [POSITION] 4539873 152 96 130
46695 [POSITION] 13681699 106 156 130
46697 [POSITION] 6440257 152 92 130
46697 [POSITION] 12944709 152 90 130
46699 [POSITION] 8668664 148 98 130
46705 [POSITION] 6440257 152 90 130
46707 [POSITION] 9897425 150 96 130
46715 [POSITION] 13681699 106 158 130
46717 [POSITION] 4539873 150 96 130
46719 [POSITION] 13681699 106 156 130
46721 [POSITION] 8668664 146 98 130
46727 [POSITION] 2671984 110 156 130
46727 [POSITION] 9897425 150 98 130
46731 [POSITION] 12944709 152 88 130
46735 [POSITION] 9897425 148 98 130
46739 [POSITION] 13681699 108 156 130
46739 [POSITION] 14156868 106 162 130
46741 [POSITION] 9405579 104 162 130
46741 [POSITION] 4539873 150 98 130
46741 [POSITION] 8668664 144 98 130
46743 [POSITION] 3687175 106 162 130
46743 [POSITION] 4539873 148 98 130
46745 [POSITION] 14156868 104 162 130
46749 [POSITION] 13075722 104 164 130
46751 [POSITION] 2671984 112 156 130
46753 [POSITION] 6440257 152 88 130
46757 [POSITION] 671967 128 114 130
46757 [POSITION] 10765642 104 162 130
46757 [POSITION] 8668664 144 100 130
46759 [POSITION] 3687175 106 164 130
46759 [POSITION] 12944709 152 86 130
46763 [POSITION] 13681699 110 156 130
46763 [POSITION] 2671984 112 158 130
46765 [POSITION] 10846954 126 114 130
46765 [POSITION] 4146181 126 114 130
46765 [POSITION] 9897425 146 98 130
46771 [POSITION] 3687175 104 164 130
46771 [POSITION] 8668664 142 100 130
46775 [POSITION] 8668664 144 100 130
46781 [POSITION] 4539873 146 98 130
46783 [POSITION] 6440257 152 86 130
46787 [POSITION] 14156868 104 164 130
46787 [POSITION] 2671984 112 160 130
46789 [POSITION] 13681699 112 156 130
46791 [POSITION] 12944709 150 86 130
46793 [POSITION] 4539873 146 100 130
46795 [POSITION] 10846954 126 112 130
46797 [POSITION] 10846954 128 112 130
46797 [POSITION] 8668664 146 100 130
46801 [POSITION] 13681699 112 158 130
46801 [POSITION] 9405579 104 164 130
46801 [POSITION] 8668664 146 98 130
46803 [POSITION] 671967 128 112 130
46805 [POSITION] 14156868 102 164 130
46807 [POSITION] 4539873 146 98 130
46809 [POSITION] 9897425 148 98 130
46813 [POSITION] 9405579 102 164 130
46813 [POSITION] 6440257 150 86 130
46813 [POSITION] 10765642 104 164 130
46813 [POSITION] 4539873 148 98 130
46815 [POSITION] 4146181 128 114 130
46815 [POSITION] 12944709 150 88 130
46817 [POSITION] 4146181 128 112 130
46819 [POSITION] 10765642 102 164 130
46819 [POSITION] 8668664 148 98 130
46821 [POSITION] 12944709 148 88 130
46821 [POSITION] 10765642 104 164 130
46827 [POSITION] 13681699 112 160 130
46827 [POSITION] 14156868 102 166 130
46829 [POSITION] 10846954 128 110 130
46835 [POSITION] 9897425 150 98 130
46841 [POSITION] 4539873 150 98 130
46843 [POSITION] 6440257 148 86 130
46843 [POSITION] 8668664 150 98 130
46847 [POSITION] 671967 128 110 130
46847 [POSITION] 10846954 130 110 130
46855 [POSITION] 14156868 102 168 130
46855 [POSITION] 12944709 150 88 130
46855 [POSITION] 9897425 150 96 130
46857 [POSITION] 12944709 150 86 130
46859 [POSITION] 8668664 150 96 130
46861 [POSITION] 671967 130 110 130
46861 [POSITION] 10846954 130 108 130
46863 [POSITION] 9897425 152 96 130
46865 [POSITION] 4146181 128 110 130
46865 [POSITION] 4539873 150 96 130
46865 [POSITION] 8668664 152 96 130
46869 [POSITION] 4539873 152 96 130
46875 [POSITION] 10846954 128 108 130
46875 [POSITION] 14156868 100 168 130
46877 [POSITION] 671967 130 108 130
46881 [POSITION] 4146181 130 110 130
46885 [POSITION] 12944709 152 86 130
46887 [POSITION] 14156868 100 170 130
46887 [POSITION] 6440257 150 86 130
46887 [POSITION] 8668664 152 94 130
46889 [POSITION] 671967 128 108 130
46889 [POSITION] 14156868 100 168 130
46889 [POSITION] 9897425 152 94 130
46897 [POSITION] 4146181 130 108 130
46897 [POSITION] 4539873 152 94 130
46903 [POSITION] 10846954 126 108 130
46909 [POSITION] 4146181 128 108 130
46909 [POSITION] 8668664 150 94 130
46913 [POSITION] 8668664 150 92 130
46915 [POSITION] 9897425 152 92 130
46917 [POSITION] 6440257 152 86 130
46917 [POSITION] 12944709 152 88 130
46919 [POSITION] 671967 126 108 130
46923 [POSITION] 4539873 152 92 130
46927 [POSITION] 9897425 150 92 130
46931 [POSITION] 4539873 150 92 130
46935 [POSITION] 10846954 126 110 130
46937 [POSITION] 10846954 124 110 130
46939 [POSITION] 4146181 126 108 130
46945 [POSITION] 12944709 152 90 130
46949 [POSITION] 671967 126 110 130
46949 [POSITION] 6440257 152 88 130
46949 [POSITION] 9897425 150 90 130
46951 [POSITION] 671967 124 110 130
46969 [POSITION] 10846954 124 112 130
46969 [POSITION] 4146181 126 110 130
46971 [POSITION] 4146181 124 110 130
46975 [POSITION] 10846954 124 110 130
46977 [POSITION] 6440257 152 90 130
46979 [POSITION] 12944709 150 90 130
46983 [POSITION] 12944709 150 92 130
47007 [POSITION] 10846954 126 110 130
47007 [POSITION] 6440257 150 90 130
47009 [POSITION] 10846954 126 108 130
47013 [POSITION] 671967 126 110 130
47015 [POSITION] 671967 126 108 130
47021 [POSITION] 4146181 126 108 130
47021 [POSITION] 6440257 150 92 130
47041 [POSITION] 10846954 128 108 130
47047 [POSITION] 671967 128 108 130
47053 [POSITION] 4146181 128 108 130
47069 [POSITION] 10846954 130 108 130
47075 [POSITION] 671967 130 108 130
47081 [POSITION] 4146181 130 108 130
47083 [POSITION] 10846954 130 110 130
47089 [POSITION] 671967 130 110 130
47097 [POSITION] 4146181 130 110 130
47103 [POSITION] 10846954 128 110 130
47107 [POSITION] 671967 128 110 130
47113 [POSITION] 10846954 128 112 130
47113 [POSITION] 4146181 128 110 130
47119 [POSITION] 671967 128 112 130
47127 [POSITION] 4146181 128 112 130
47159 [POSITION] 4146181 128 114 130
48037 [POSITION] 6095965 130 90 130
48037 [POSITION] 7406728 130 90 130
48037 [POSITION] 13993348 106 164 130
48403 [POSITION] 6865122 130 90 132
48403 [MAXHEALTH] 6865122 300
48403 [ARMOR] 6865122 0.0
48403 [RESISTANCE] 6865122 0.0
48433 [POSITION] 13419241 106 164 130
48433 [MAXHEALTH] 13419241 500
48433 [ARMOR] 13419241 1.0
48433 [RESISTANCE] 13419241 0.0
48497 [POSITION] 4457954 124 154 130
48497 [MAXHEALTH] 4457954 850
48497 [ARMOR] 4457954 1.0
48497 [RESISTANCE] 4457954 0.0
48767 [POSITION] 10076760 130 90 132
48767 [MAXHEALTH] 10076760 300
48767 [ARMOR] 10076760 0.0
48767 [RESISTANCE] 10076760 0.0
48827 [POSITION] 13469171 106 162 130
48827 [MAXHEALTH] 13469171 500
48827 [ARMOR] 13469171 1.0
48827 [RESISTANCE] 13469171 0.0
48955 [POSITION] 2212027 126 152 130
48955 [MAXHEALTH] 2212027 850
48955 [ARMOR] 2212027 1.0
48955 [RESISTANCE] 2212027 0.0
49131 [POSITION] 14976490 130 90 132
49131 [MAXHEALTH] 14976490 600
49131 [ARMOR] 14976490 1.0
49131 [RESISTANCE] 14976490 0.0
49221 [POSITION] 279751 106 164 130
49221 [MAXHEALTH] 279751 400
49221 [ARMOR] 279751 1.0
49221 [RESISTANCE] 279751 0.0
49413 [POSITION] 16254231 126 154 130
49413 [MAXHEALTH] 16254231 600
49413 [ARMOR] 16254231 0.0
49413 [RESISTANCE] 16254231 0.0
49495 [POSITION] 6981111 130 90 132
49495 [MAXHEALTH] 6981111 600
49495 [ARMOR] 6981111 1.0
49495 [RESISTANCE] 6981111 0.0
51525 [POSITION] 7521406 164 94 130
51579 [POSITION] 6373971 162 92 130
51579 [MAXHEALTH] 6373971 250
51579 [ARMOR] 6373971 1.0
51579 [RESISTANCE] 6373971 0.0
51579 [POSITION] 1491892 162 92 130
51579 [MAXHEALTH] 1491892 250
51579 [ARMOR] 1491892 1.0
51579 [RESISTANCE] 1491892 0.0
53899 [POSITION] 2491870 164 92 130
53899 [MAXHEALTH] 2491870 350
53899 [ARMOR] 2491870 1.0
53899 [RESISTANCE] 2491870 0.0
53905 [POSITION] 14091192 112 96 130
53935 [POSITION] 14091192 110 96 130
53937 [POSITION] 14091192 110 98 130
54149 [POSITION] 4146181 128 112 130
54155 [POSITION] 4146181 126 112 130
54205 [POSITION] 671967 128 110 130
54213 [POSITION] 4146181 126 110 130
54215 [POSITION] 10846954 128 110 130
54215 [POSITION] 4146181 128 110 130
54225 [POSITION] 671967 130 110 130
54229 [POSITION] 6800408 124 100 128
54233 [POSITION] 12567313 124 100 128
54239 [POSITION] 671967 130 108 130
54241 [POSITION] 10846954 130 110 130
54251 [POSITION] 6800408 124 100 130
54253 [POSITION] 671967 128 108 130
54255 [POSITION] 10846954 130 108 130
54255 [POSITION] 12567313 124 100 130
54263 [POSITION] 4146181 130 110 130
54269 [POSITION] 10846954 128 108 130
54275 [POSITION] 4146181 130 108 130
54289 [POSITION] 4146181 128 108 130
54341 [POSITION] 6800408 124 98 130
54347 [POSITION] 6800408 124 98 128
54357 [POSITION] 16221647 162 92 130
54357 [MAXHEALTH] 16221647 1100
54357 [ARMOR] 16221647 4.0
54357 [RESISTANCE] 16221647 0.0
54369 [POSITION] 6800408 124 98 130
54371 [POSITION] 671967 130 108 130
54383 [POSITION] 10846954 130 108 130
54383 [POSITION] 4146181 130 108 130
54385 [POSITION] 671967 130 110 130
54397 [POSITION] 10846954 130 110 130
54397 [POSITION] 4146181 130 110 130
54409 [POSITION] 671967 128 110 130
54413 [POSITION] 4146181 128 110 130
54429 [POSITION] 4146181 128 112 130
54433 [POSITION] 671967 130 110 130
54459 [POSITION] 6800408 124 98 128
54469 [POSITION] 4146181 130 110 130
54471 [POSITION] 671967 132 110 130
54479 [POSITION] 671967 132 108 130
54481 [POSITION] 6800408 124 98 130
54489 [POSITION] 6800408 124 96 130
54493 [POSITION] 10846954 132 110 130
54501 [POSITION] 671967 134 108 130
54501 [POSITION] 4146181 132 110 130
54507 [POSITION] 10846954 132 108 130
54519 [POSITION] 6800408 122 96 130
54521 [POSITION] 10846954 134 108 130
54529 [POSITION] 671967 136 108 130
54531 [POSITION] 12567313 122 100 130
54531 [POSITION] 4146181 134 110 130
54535 [POSITION] 4146181 134 108 130
54543 [POSITION] 6800408 120 96 130
54551 [POSITION] 10846954 134 110 130
54551 [POSITION] 6800408 120 98 130
54553 [POSITION] 10846954 132 110 130
54557 [POSITION] 12567313 120 100 130
54559 [POSITION] 671967 138 108 130
54567 [POSITION] 12567313 120 98 130
54575 [POSITION] 671967 136 108 130
54579 [POSITION] 12567313 120 100 130
54579 [POSITION] 4146181 136 108 130
54587 [POSITION] 10846954 130 110 130
54595 [MAXHEALTH] 10846954 800
54605 [POSITION] 671967 134 108 130
54605 [POSITION] 10846954 130 112 130
54613 [POSITION] 4146181 134 108 130
54621 [POSITION] 10846954 128 112 130
54633 [POSITION] 671967 132 108 130
54643 [POSITION] 4146181 134 110 130
54645 [POSITION] 4146181 132 110 130
54649 [POSITION] 671967 132 110 130
54671 [POSITION] 671967 130 110 130
54679 [POSITION] 4146181 130 110 130
54681 [MAXHEALTH] 10846954 920
54693 [POSITION] 671967 130 112 130
54693 [POSITION] 4146181 130 112 130
54709 [POSITION] 671967 128 112 130
54715 [POSITION] 4146181 128 112 130
54743 [POSITION] 4146181 128 114 130
54817 [POSITION] 9160190 162 94 130
54817 [MAXHEALTH] 9160190 350
54817 [ARMOR] 9160190 1.0
54817 [RESISTANCE] 9160190 0.0
54975 [POSITION] 2671373 148 128 130
54975 [POSITION] 11748395 148 128 130
55033 [POSITION] 2671373 150 128 130
55271 [POSITION] 5816921 160 134 130
55315 [POSITION] 8733950 162 134 130
55315 [MAXHEALTH] 8733950 250
55315 [ARMOR] 8733950 1.0
55315 [RESISTANCE] 8733950 0.0
55315 [POSITION] 11175323 160 134 130
55315 [MAXHEALTH] 11175323 250
55315 [ARMOR] 11175323 1.0
55315 [RESISTANCE] 11175323 0.0
55323 [POSITION] 8733950 160 134 130
55327 [POSITION] 8733950 160 132 130
55443 [POSITION] 5816921 162 134 130
55467 [POSITION] 8733950 160 134 130
55775 [POSITION] 491731 124 100 130
55775 [MAXHEALTH] 491731 500
55775 [ARMOR] 491731 1.0
55775 [RESISTANCE] 491731 0.0
55779 [POSITION] 2622635 112 94 130
55779 [MAXHEALTH] 2622635 500
55779 [ARMOR] 2622635 0.0
55779 [RESISTANCE] 2622635 0.0
55829 [POSITION] 10814961 148 128 130
55829 [MAXHEALTH] 10814961 800
55829 [ARMOR] 10814961 0.0
55829 [RESISTANCE] 10814961 50.0
55989 [POSITION] 9897425 150 92 130
55997 [POSITION] 12944709 152 92 130
55999 [POSITION] 9897425 150 90 130
56001 [POSITION] 12944709 152 94 130
56005 [POSITION] 9897425 152 90 130
56013 [POSITION] 6440257 152 92 130
56017 [POSITION] 6440257 152 94 130
56029 [POSITION] 12944709 152 96 130
56029 [POSITION] 4539873 150 90 130
56029 [POSITION] 8668664 152 92 130
56031 [POSITION] 8668664 152 94 130
56033 [POSITION] 4539873 152 90 130
56037 [POSITION] 9897425 152 88 130
56045 [POSITION] 6440257 152 96 130
56053 [POSITION] 12944709 150 96 130
56055 [POSITION] 8668664 152 96 130
56063 [POSITION] 9897425 152 86 130
56065 [POSITION] 4539873 152 88 130
56071 [POSITION] 6440257 150 96 130
56079 [POSITION] 12944709 148 96 130
56091 [POSITION] 8668664 150 96 130
56095 [POSITION] 6440257 148 96 130
56095 [POSITION] 9897425 150 86 130
56095 [POSITION] 4539873 152 86 130
56111 [POSITION] 8668664 148 96 130
56113 [POSITION] 12944709 146 94 130
56123 [POSITION] 9897425 148 86 130
56125 [POSITION] 4539873 150 86 130
56129 [POSITION] 6440257 148 94 130
56131 [POSITION] 6440257 146 94 130
56133 [POSITION] 8668664 146 96 130
56151 [POSITION] 9897425 146 86 130
56153 [POSITION] 4539873 148 86 130
56153 [POSITION] 8668664 144 96 130
56157 [POSITION] 9897425 148 86 130
56171 [POSITION] 12944709 146 96 130
56171 [POSITION] 8668664 144 94 130
56173 [POSITION] 6440257 148 94 130
56173 [POSITION] 12944709 148 96 130
56175 [POSITION] 6440257 148 96 130
56175 [POSITION] 8668664 144 96 130
56185 [POSITION] 9897425 150 86 130
56193 [POSITION] 8668664 146 96 130
56195 [POSITION] 4539873 150 86 130
56207 [POSITION] 12944709 150 96 130
56209 [POSITION] 6440257 150 96 130
56213 [POSITION] 9897425 152 86 130
56215 [POSITION] 8668664 148 96 130
56223 [POSITION] 4539873 152 86 130
56231 [POSITION] 12944709 152 96 130
56235 [POSITION] 6440257 152 96 130
56247 [POSITION] 9897425 152 88 130
56253 [POSITION] 4539873 152 88 130
56257 [POSITION] 12944709 152 94 130
56259 [POSITION] 6440257 152 94 130
56263 [POSITION] 8668664 146 94 130
56275 [POSITION] 9897425 152 90 130
56283 [POSITION] 4539873 152 90 130
56287 [POSITION] 6440257 152 92 130
56287 [POSITION] 12944709 152 92 130
56287 [POSITION] 8668664 146 92 130
56291 [POSITION] 12944709 150 92 130
56299 [POSITION] 6440257 150 92 130
56307 [POSITION] 9897425 150 90 130
56307 [POSITION] 8668664 146 90 130
56311 [POSITION] 11060424 124 100 130
56311 [MAXHEALTH] 11060424 500
56311 [ARMOR] 11060424 1.0
56311 [RESISTANCE] 11060424 0.0
56315 [POSITION] 4539873 150 90 130
56319 [POSITION] 6029525 146 128 130
56319 [POSITION] 5652698 112 94 130
56319 [MAXHEALTH] 5652698 500
56319 [ARMOR] 5652698 0.0
56319 [RESISTANCE] 5652698 0.0
56327 [POSITION] 8668664 148 90 130
56329 [POSITION] 4539873 150 92 130
56331 [POSITION] 8668664 148 88 130
56359 [POSITION] 8668664 150 88 130
56363 [POSITION] 8668664 150 86 130
56383 [POSITION] 8668664 152 86 130
56405 [POSITION] 8668664 152 88 130
56419 [POSITION] 10552682 146 128 130
56419 [MAXHEALTH] 10552682 800
56419 [ARMOR] 10552682 0.0
56419 [RESISTANCE] 10552682 50.0
56425 [POSITION] 8668664 152 90 130
56453 [POSITION] 8668664 152 92 130
56457 [POSITION] 8668664 150 92 130
56845 [POSITION] 3655131 124 100 130
56845 [MAXHEALTH] 3655131 600
56845 [ARMOR] 3655131 3.0
56845 [RESISTANCE] 3655131 0.0
56857 [POSITION] 9814754 112 94 130
56857 [MAXHEALTH] 9814754 1100
56857 [ARMOR] 9814754 1.0
56857 [RESISTANCE] 9814754 0.0
56859 [POSITION] 2835479 162 94 130
56869 [POSITION] 7472466 162 94 130
56895 [POSITION] 4374766 162 96 130
56897 [POSITION] 4374766 160 96 130
56905 [POSITION] 2835479 162 96 130
56909 [POSITION] 2835479 160 96 130
57041 [POSITION] 7472466 160 94 130
57045 [POSITION] 7472466 162 94 130
57129 [POSITION] 8668664 152 92 130
57335 [POSITION] 13911433 146 128 130
57335 [MAXHEALTH] 13911433 300
57335 [ARMOR] 13911433 0.0
57335 [RESISTANCE] 13911433 0.0
57499 [POSITION] 7636164 162 134 130
57499 [MAXHEALTH] 7636164 300
57499 [ARMOR] 7636164 0.0
57499 [RESISTANCE] 7636164 0.0
57629 [POSITION] 4965416 148 128 130
57629 [MAXHEALTH] 4965416 300
57629 [ARMOR] 4965416 0.0
57629 [RESISTANCE] 4965416 0.0
57923 [POSITION] 4883952 146 128 130
57923 [MAXHEALTH] 4883952 600
57923 [ARMOR] 4883952 1.0
57923 [RESISTANCE] 4883952 0.0
57957 [POSITION] 8013245 162 134 130
57957 [MAXHEALTH] 8013245 600
57957 [ARMOR] 8013245 1.0
57957 [RESISTANCE] 8013245 0.0
57989 [POSITION] 6095965 130 92 130
57995 [POSITION] 6095965 132 92 130
58001 [POSITION] 7406728 132 90 130
58021 [POSITION] 6095965 134 92 130
58023 [POSITION] 7406728 132 92 130
58029 [POSITION] 7406728 134 92 130
58047 [POSITION] 6095965 136 92 130
58055 [POSITION] 7406728 136 92 130
58107 [POSITION] 6095965 134 92 130
58107 [POSITION] 7406728 134 92 130
58133 [POSITION] 6095965 132 92 130
58133 [POSITION] 7406728 132 90 130
58139 [POSITION] 6095965 134 92 130
58165 [POSITION] 6095965 136 92 130
58175 [POSITION] 7406728 132 92 130
58179 [POSITION] 7406728 134 92 130
58205 [POSITION] 7406728 136 92 130
58217 [POSITION] 8832076 146 128 130
58217 [MAXHEALTH] 8832076 600
58217 [ARMOR] 8832076 1.0
58217 [RESISTANCE] 8832076 0.0
58225 [POSITION] 6095965 134 92 130
58251 [POSITION] 6095965 132 92 130
58259 [POSITION] 7406728 134 92 130
58261 [POSITION] 6095965 134 92 130
58283 [POSITION] 7406728 132 92 130
58285 [POSITION] 7406728 132 90 130
58287 [POSITION] 6095965 136 92 130
58309 [POSITION] 7406728 130 90 130
58323 [POSITION] 7406728 132 90 130
58347 [POSITION] 6095965 134 92 130
58347 [POSITION] 7406728 132 92 130
58349 [POSITION] 7406728 134 92 130
58373 [POSITION] 6095965 132 92 130
58381 [POSITION] 7406728 136 92 130
58415 [POSITION] 12273043 162 134 130
58415 [MAXHEALTH] 12273043 1100
58415 [ARMOR] 12273043 0.0
58415 [RESISTANCE] 12273043 0.0
58421 [POSITION] 6095965 134 92 130
58429 [POSITION] 7406728 134 92 130
58451 [POSITION] 6095965 136 92 130
58455 [POSITION] 7406728 132 92 130
58461 [POSITION] 7406728 132 90 130
58481 [POSITION] 7406728 130 90 130
58491 [POSITION] 7406728 132 90 130
58507 [POSITION] 6095965 134 92 130
58513 [POSITION] 7406728 132 92 130
58517 [POSITION] 7406728 134 92 130
58547 [POSITION] 7406728 136 92 130
58563 [POSITION] 6095965 136 92 130
58571 [POSITION] 7406728 136 94 130
58577 [POSITION] 6095965 136 94 130
58581 [POSITION] 7406728 138 94 130
58585 [POSITION] 7406728 136 94 130
58603 [POSITION] 7406728 136 92 130
58613 [POSITION] 7406728 134 92 130
58631 [POSITION] 6095965 134 92 130
58641 [POSITION] 7406728 132 92 130
58657 [POSITION] 6095965 132 92 130
58681 [POSITION] 6095965 134 92 130
58681 [POSITION] 7406728 134 92 130
58695 [POSITION] 6095965 134 94 130
58713 [POSITION] 6095965 136 94 130
58717 [POSITION] 7406728 134 94 130
58727 [POSITION] 7406728 136 94 130
58735 [POSITION] 6095965 136 96 130
58745 [POSITION] 6095965 138 96 130
58751 [POSITION] 7406728 134 94 130
58759 [POSITION] 6095965 136 96 130
58767 [POSITION] 7406728 134 92 130
58773 [POSITION] 6095965 136 94 130
58781 [POSITION] 7406728 132 92 130
58791 [POSITION] 6095965 134 94 130
58811 [POSITION] 7406728 130 90 130
58817 [POSITION] 6095965 134 92 130
58821 [POSITION] 6095965 132 92 130
58841 [POSITION] 5932032 150 90 130
58851 [POSITION] 6095965 130 92 130
58859 [POSITION] 6095965 130 90 130
58925 [POSITION] 10552682 148 128 130
58929 [POSITION] 10552682 148 126 130
58935 [POSITION] 10552682 148 128 130
58941 [POSITION] 10814961 150 128 130
58951 [POSITION] 10552682 150 128 130
58967 [POSITION] 10814961 152 128 130
58983 [POSITION] 14615667 124 100 130
58985 [POSITION] 10552682 152 128 130
58991 [POSITION] 8717490 122 100 130
58995 [POSITION] 14615667 122 100 130
59047 [POSITION] 8750334 122 100 130
59047 [MAXHEALTH] 8750334 240
59047 [ARMOR] 8750334 0.0
59047 [RESISTANCE] 8750334 50.0
59047 [POSITION] 7701801 152 128 130
59047 [MAXHEALTH] 7701801 240
59047 [ARMOR] 7701801 0.0
59047 [RESISTANCE] 7701801 50.0
59047 [POSITION] 15189480 122 100 130
59047 [MAXHEALTH] 15189480 240
59047 [ARMOR] 15189480 0.0
59047 [RESISTANCE] 15189480 50.0
59047 [POSITION] 13354492 152 128 130
59047 [MAXHEALTH] 13354492 240
59047 [ARMOR] 13354492 0.0
59047 [RESISTANCE] 13354492 50.0
59055 [POSITION] 7701801 150 128 130
59061 [POSITION] 13354492 150 128 130
59063 [POSITION] 15189480 124 100 130
59069 [POSITION] 15189480 122 100 130
59081 [POSITION] 9077770 152 128 130
59081 [MAXHEALTH] 9077770 240
59081 [ARMOR] 9077770 0.0
59081 [RESISTANCE] 9077770 50.0
59081 [POSITION] 16598508 152 128 130
59081 [MAXHEALTH] 16598508 240
59081 [ARMOR] 16598508 0.0
59081 [RESISTANCE] 16598508 50.0
59083 [POSITION] 9700411 120 100 130
59083 [MAXHEALTH] 9700411 240
59083 [ARMOR] 9700411 0.0
59083 [RESISTANCE] 9700411 50.0
59083 [POSITION] 11208127 122 100 130
59083 [MAXHEALTH] 11208127 240
59083 [ARMOR] 11208127 0.0
59083 [RESISTANCE] 11208127 50.0
59085 [POSITION] 9700411 122 100 130
59095 [POSITION] 16598508 150 128 130
59097 [POSITION] 9077770 150 128 130
59103 [POSITION] 11208127 124 100 130
59109 [POSITION] 9700411 124 100 130
59111 [POSITION] 9700411 122 100 130
59117 [POSITION] 15189480 120 100 130
59127 [POSITION] 11208127 122 100 130
59143 [POSITION] 8750334 120 100 130
59163 [POSITION] 11208127 120 100 130
59185 [POSITION] 11208127 120 98 130
59187 [POSITION] 15189480 120 98 130
59221 [POSITION] 15189480 120 96 130
59231 [POSITION] 14582370 130 90 130
59231 [MAXHEALTH] 14582370 240
59231 [ARMOR] 14582370 0.0
59231 [RESISTANCE] 14582370 50.0
59231 [POSITION] 3802004 130 90 130
59231 [MAXHEALTH] 3802004 240
59231 [ARMOR] 3802004 0.0
59231 [RESISTANCE] 3802004 50.0
59235 [POSITION] 8750334 122 100 130
59237 [POSITION] 15189480 120 98 130
59253 [POSITION] 11208127 120 96 130
59257 [POSITION] 5588121 130 90 130
59257 [MAXHEALTH] 5588121 240
59257 [ARMOR] 5588121 0.0
59257 [RESISTANCE] 5588121 50.0
59257 [POSITION] 10323117 130 92 130
59257 [MAXHEALTH] 10323117 240
59257 [ARMOR] 10323117 0.0
59257 [RESISTANCE] 10323117 50.0
59259 [POSITION] 6095965 130 92 130
59273 [POSITION] 8750334 120 100 130
59279 [POSITION] 11208127 120 94 130
59295 [POSITION] 11208127 120 96 130
59315 [POSITION] 8488003 164 92 130
59315 [MAXHEALTH] 8488003 500
59315 [ARMOR] 8488003 0.0
59315 [RESISTANCE] 8488003 0.0
59329 [POSITION] 11208127 120 98 130
59339 [POSITION] 5588121 130 92 130
59357 [POSITION] 12518154 150 90 130
59357 [MAXHEALTH] 12518154 370
59357 [ARMOR] 12518154 1.0
59357 [RESISTANCE] 12518154 0.0
59363 [POSITION] 11208127 120 100 130
59381 [POSITION] 11208127 122 100 130
59393 [POSITION] 11208127 120 100 130
59411 [POSITION] 8750334 122 100 130
59423 [POSITION] 869423 160 134 130
59425 [POSITION] 15058026 160 134 130
59431 [POSITION] 869423 160 132 130
59435 [POSITION] 3786171 160 132 130
59443 [POSITION] 15058026 160 132 130
59455 [POSITION] 869423 158 132 130
59461 [POSITION] 15058026 158 132 130
59467 [POSITION] 869423 158 130 130
59471 [POSITION] 3786171 158 132 130
59477 [POSITION] 15058026 158 130 130
59481 [POSITION] 4146181 128 112 130
59487 [POSITION] 869423 156 130 130
59493 [POSITION] 3786171 158 130 130
59495 [POSITION] 15058026 156 130 130
59501 [POSITION] 869423 156 128 130
59509 [POSITION] 15058026 156 128 130
59515 [POSITION] 3786171 156 130 130
59533 [POSITION] 3786171 158 130 130
59541 [POSITION] 671967 128 110 130
59543 [POSITION] 15058026 156 130 130
59549 [POSITION] 869423 156 130 130
59555 [POSITION] 10846954 128 110 130
59557 [POSITION] 15058026 158 130 130
59557 [POSITION] 3786171 158 132 130
59561 [POSITION] 671967 130 110 130
59563 [POSITION] 869423 158 130 130
59565 [POSITION] 3786171 160 132 130
59567 [POSITION] 4146181 128 110 130
59575 [POSITION] 671967 130 108 130
59577 [POSITION] 15058026 158 132 130
59579 [POSITION] 10846954 130 110 130
59583 [POSITION] 869423 158 132 130
59589 [POSITION] 671967 128 108 130
59589 [POSITION] 15058026 160 132 130
59593 [POSITION] 10846954 130 108 130
59593 [POSITION] 3786171 160 134 130
59595 [POSITION] 869423 160 132 130
59595 [POSITION] 3786171 162 134 130
59599 [POSITION] 4146181 130 110 130
59607 [POSITION] 10846954 128 108 130
59611 [POSITION] 671967 128 106 130
59611 [POSITION] 4146181 130 108 130
59611 [POSITION] 15058026 160 134 130
59619 [POSITION] 869423 160 134 130
59623 [POSITION] 15058026 162 134 130
59625 [POSITION] 4146181 128 108 130
59629 [POSITION] 671967 126 106 130
59629 [POSITION] 10846954 128 106 130
59633 [POSITION] 869423 162 134 130
59647 [POSITION] 10846954 126 106 130
59647 [POSITION] 4146181 128 106 130
59651 [POSITION] 671967 126 104 130
59667 [POSITION] 4146181 126 106 130
59669 [POSITION] 10846954 126 104 130
59671 [POSITION] 671967 124 104 130
59687 [POSITION] 4146181 126 104 130
59693 [POSITION] 671967 126 104 130
59711 [POSITION] 671967 126 106 130
59721 [POSITION] 10846954 126 106 130
59721 [POSITION] 4146181 126 106 130
59735 [POSITION] 671967 128 106 130
59737 [POSITION] 10846954 128 106 130
59741 [POSITION] 4146181 128 106 130
59753 [POSITION] 671967 128 108 130
59757 [POSITION] 10846954 128 108 130
59761 [POSITION] 4146181 128 108 130
59775 [POSITION] 671967 130 108 130
59779 [POSITION] 10846954 130 108 130
59783 [POSITION] 4146181 130 108 130
59787 [POSITION] 11453666 162 92 130
59787 [MAXHEALTH] 11453666 500
59787 [ARMOR] 11453666 0.0
59787 [RESISTANCE] 11453666 0.0
59789 [POSITION] 671967 130 110 130
59795 [POSITION] 10846954 130 110 130
59797 [POSITION] 4146181 130 110 130
59805 [POSITION] 671967 128 110 130
59811 [POSITION] 10846954 128 110 130
59813 [POSITION] 4146181 128 110 130
59819 [POSITION] 671967 128 112 130
59827 [POSITION] 10846954 128 112 130
59829 [POSITION] 4146181 128 112 130
59861 [POSITION] 4146181 128 114 130
59871 [POSITION] 16548456 150 92 130
59871 [MAXHEALTH] 16548456 370
59871 [ARMOR] 16548456 1.0
59871 [RESISTANCE] 16548456 0.0
60261 [POSITION] 13681877 164 94 130
60261 [MAXHEALTH] 13681877 1100
60261 [ARMOR] 13681877 1.0
60261 [RESISTANCE] 13681877 0.0
60387 [POSITION] 11027051 150 92 130
60387 [MAXHEALTH] 11027051 370
60387 [ARMOR] 11027051 1.0
60387 [RESISTANCE] 11027051 0.0
60641 [POSITION] 6865122 130 90 130
60641 [POSITION] 10076760 130 90 130
60641 [POSITION] 14976490 130 90 130
60641 [POSITION] 6981111 130 90 130
61161 [POSITION] 99060 112 94 130
61161 [MAXHEALTH] 99060 700
61161 [ARMOR] 99060 3.0
61161 [RESISTANCE] 99060 0.0
61329 [POSITION] 1492378 130 90 132
61329 [MAXHEALTH] 1492378 350
61329 [ARMOR] 1492378 1.0
61329 [RESISTANCE] 1492378 0.0
61425 [POSITION] 2721190 146 128 130
61425 [MAXHEALTH] 2721190 350
61425 [ARMOR] 2721190 1.0
61425 [RESISTANCE] 2721190 0.0
61447 [POSITION] 1328617 124 100 130
61447 [MAXHEALTH] 1328617 350
61447 [ARMOR] 1328617 1.0
61447 [RESISTANCE] 1328617 0.0
61679 [POSITION] 10650194 112 94 130
61679 [MAXHEALTH] 10650194 950
61679 [ARMOR] 10650194 4.0
61679 [RESISTANCE] 10650194 0.0
62013 [POSITION] 9487243 130 92 132
62013 [MAXHEALTH] 9487243 1100
62013 [ARMOR] 9487243 4.0
62013 [RESISTANCE] 9487243 0.0
62205 [POSITION] 10978590 146 128 130
62205 [MAXHEALTH] 10978590 1100
62205 [ARMOR] 10978590 4.0
62205 [RESISTANCE] 10978590 0.0
62251 [POSITION] 6914778 124 100 130
62251 [MAXHEALTH] 6914778 1100
62251 [ARMOR] 6914778 4.0
62251 [RESISTANCE] 6914778 0.0
63359 [POSITION] 12223072 94 100 130
63359 [MAXHEALTH] 12223072 240
63359 [ARMOR] 12223072 0.0
63359 [RESISTANCE] 12223072 50.0
63359 [POSITION] 10339501 94 100 130
63359 [MAXHEALTH] 10339501 240
63359 [ARMOR] 10339501 0.0
63359 [RESISTANCE] 10339501 50.0
63377 [POSITION] 12223072 92 100 130
63481 [POSITION] 12223072 94 100 130
64929 [POSITION] 15859914 94 156 130
64945 [POSITION] 10208476 94 156 130
65057 [POSITION] 15859914 96 156 130
65179 [POSITION] 13681699 110 160 130
65189 [POSITION] 13681699 110 160 128
65203 [POSITION] 2671984 114 160 130
65209 [POSITION] 2671984 114 158 130
65223 [POSITION] 13681699 110 160 130
65229 [POSITION] 13681699 112 160 130
65239 [POSITION] 2671984 116 158 130
65245 [POSITION] 2671984 116 156 130
65249 [POSITION] 13681699 112 158 130
65281 [POSITION] 13681699 112 156 130
65287 [POSITION] 13681699 114 156 130
65311 [POSITION] 2671984 116 158 130
65317 [POSITION] 2671984 114 158 130
65321 [POSITION] 13681699 114 154 130
65347 [POSITION] 2671984 114 160 130
65351 [POSITION] 2671984 112 160 130
65401 [POSITION] 13681699 114 156 130
65433 [POSITION] 13681699 114 158 130
65441 [POSITION] 13681699 112 158 130
65465 [POSITION] 13681699 112 160 130
66071 [POSITION] 869423 160 134 130
66073 [POSITION] 15058026 160 134 130
66125 [POSITION] 869423 160 132 130
66261 [POSITION] 13911433 148 128 130
66273 [POSITION] 8832076 148 128 130
66313 [POSITION] 4883952 146 126 130
66437 [POSITION] 8832076 148 126 130
66569 [POSITION] 14140344 94 154 130
66569 [MAXHEALTH] 14140344 700
66569 [ARMOR] 14140344 3.0
66569 [RESISTANCE] 14140344 0.0
66727 [POSITION] 16221647 162 94 130
66735 [POSITION] 2491870 162 92 130
66737 [POSITION] 2491870 162 94 130
66887 [POSITION] 9160190 160 94 130
66897 [POSITION] 9160190 160 92 130
66899 [POSITION] 16221647 162 92 130
66907 [POSITION] 2491870 160 94 130
66909 [POSITION] 16221647 160 92 130
66915 [POSITION] 9160190 158 92 130
66917 [POSITION] 2491870 160 92 130
66939 [POSITION] 9160190 158 90 130
66947 [POSITION] 2491870 158 92 130
66947 [POSITION] 9160190 156 90 130
66967 [POSITION] 6817226 150 90 130
66967 [POSITION] 2491870 158 90 130
66975 [POSITION] 6817226 152 90 130
66977 [POSITION] 2491870 156 90 130
66981 [POSITION] 1737593 150 90 130
66985 [POSITION] 1737593 152 90 130
66985 [POSITION] 5932032 152 90 130
67003 [POSITION] 6817226 152 88 130
67007 [POSITION] 2491870 156 88 130
67009 [POSITION] 2491870 154 88 130
67023 [POSITION] 1737593 152 88 130
67023 [POSITION] 6817226 152 86 130
67039 [POSITION] 5932032 152 88 130
67049 [POSITION] 1737593 152 86 130
67049 [POSITION] 6817226 150 86 130
67063 [POSITION] 5932032 152 86 130
67069 [POSITION] 6817226 148 86 130
67073 [POSITION] 1737593 150 86 130
67075 [POSITION] 2491870 156 90 130
67089 [POSITION] 5932032 150 86 130
67091 [POSITION] 6817226 146 86 130
67095 [POSITION] 1737593 148 86 130
67105 [POSITION] 2491870 158 90 130
67107 [POSITION] 10076760 130 92 130
67111 [POSITION] 6865122 132 90 130
67111 [POSITION] 7341473 94 154 130
67111 [MAXHEALTH] 7341473 950
67111 [ARMOR] 7341473 4.0
67111 [RESISTANCE] 7341473 0.0
67113 [POSITION] 5932032 148 86 130
67113 [POSITION] 6817226 144 86 130
67117 [POSITION] 1737593 146 86 130
67117 [POSITION] 6981111 132 90 130
67119 [POSITION] 2491870 158 92 130
67127 [POSITION] 14976490 132 90 130
67129 [POSITION] 6817226 146 86 130
67133 [POSITION] 10076760 132 92 130
67133 [POSITION] 2491870 160 92 130
67137 [POSITION] 6865122 134 90 130
67141 [POSITION] 1737593 148 86 130
67147 [POSITION] 6981111 134 90 130
67151 [POSITION] 6817226 148 86 130
67157 [POSITION] 2491870 162 92 130
67163 [POSITION] 10076760 134 90 130
67163 [POSITION] 1737593 150 86 130
67171 [POSITION] 14976490 130 90 130
67173 [POSITION] 6817226 150 86 130
67173 [POSITION] 14976490 130 92 130
67181 [POSITION] 6865122 134 88 130
67181 [POSITION] 2491870 164 92 130
67183 [POSITION] 5932032 150 86 130
67185 [POSITION] 1737593 152 86 130
67193 [POSITION] 6817226 152 86 130
67197 [POSITION] 6981111 134 88 130
67201 [POSITION] 14976490 128 92 130
67207 [POSITION] 10076760 134 88 130
67207 [POSITION] 5932032 152 86 130
67209 [POSITION] 6865122 132 88 130
67209 [POSITION] 1737593 152 88 130
67213 [POSITION] 6865122 134 88 130
67219 [POSITION] 6817226 152 88 130
67229 [POSITION] 14976490 126 92 130
67231 [POSITION] 1737593 152 90 130
67233 [POSITION] 5932032 152 88 130
67237 [POSITION] 6981111 134 90 130
67239 [POSITION] 6865122 134 90 130
67239 [POSITION] 10076760 134 90 130
67241 [POSITION] 6817226 152 90 130
67257 [POSITION] 5932032 152 90 130
67257 [POSITION] 14976490 126 90 130
67261 [POSITION] 1737593 150 92 130
67263 [POSITION] 14976490 124 90 130
67267 [POSITION] 6817226 150 90 130
67275 [POSITION] 6817226 150 92 130
67285 [POSITION] 6865122 132 90 130
67285 [POSITION] 10076760 132 90 130
67285 [POSITION] 5932032 150 90 130
67287 [POSITION] 6981111 132 90 130
67311 [POSITION] 6865122 130 90 130
67311 [POSITION] 10076760 130 90 130
67317 [POSITION] 6981111 130 90 130
67327 [POSITION] 14976490 126 90 130
67333 [POSITION] 14976490 126 92 130
67361 [POSITION] 14976490 128 92 130
67391 [POSITION] 14976490 130 92 130
67403 [POSITION] 14976490 130 90 130
