24529 [POSITION] 4866834 98 80 130
24529 [HEALTH] 4866834 300
24553 [POSITION] 9192211 176 156 130
24553 [HEALTH] 9192211 300
24561 [POSITION] 6062868 88 92 130
24561 [HEALTH] 6062868 300
24591 [POSITION] 6292245 160 156 130
24591 [HEALTH] 6292245 300
24591 [POSITION] 10355478 76 96 130
24591 [HEALTH] 10355478 300
24597 [POSITION] 9405207 152 172 130
24597 [HEALTH] 9405207 300
24643 [POSITION] 7406360 98 80 130
24643 [HEALTH] 7406360 550
24693 [POSITION] 2540313 176 156 130
24693 [HEALTH] 2540313 550
24707 [POSITION] 794 88 92 130
24707 [HEALTH] 794 550
24757 [POSITION] 9683739 98 80 130
24757 [HEALTH] 9683739 550
24767 [POSITION] 14238492 158 156 130
24767 [HEALTH] 14238492 550
24769 [POSITION] 33565 76 96 130
24769 [HEALTH] 33565 550
24779 [POSITION] 4915398 152 172 130
24779 [HEALTH] 4915398 550
24831 [POSITION] 15614179 176 156 130
24831 [HEALTH] 15614179 550
24853 [POSITION] 13058477 88 92 130
24853 [HEALTH] 13058477 550
24871 [POSITION] 6898088 98 78 130
24871 [HEALTH] 6898088 550
24943 [POSITION] 3604908 158 154 130
24943 [HEALTH] 3604908 550
24945 [POSITION] 13926597 76 96 130
24945 [HEALTH] 13926597 550
24961 [POSITION] 13615763 152 172 130
24961 [HEALTH] 13615763 550
24971 [POSITION] 10404361 176 156 130
24971 [HEALTH] 10404361 550
24999 [POSITION] 14827727 88 92 130
24999 [HEALTH] 14827727 550
25119 [POSITION] 1310958 160 154 130
25119 [HEALTH] 1310958 550
25123 [POSITION] 3605390 74 96 130
25123 [HEALTH] 3605390 550
25143 [POSITION] 803775 152 172 130
25143 [HEALTH] 803775 550
25435 [POSITION] 16434065 88 92 130
25435 [HEALTH] 16434065 300
25451 [POSITION] 1409986 76 96 130
25451 [HEALTH] 1409986 300
25469 [POSITION] 7521170 176 156 130
25469 [HEALTH] 7521170 300
25479 [POSITION] 2720707 152 172 130
25479 [HEALTH] 2720707 300
25493 [POSITION] 15664019 160 156 130
25493 [HEALTH] 15664019 300
25519 [POSITION] 11715524 98 80 130
25519 [HEALTH] 11715524 300
25555 [POSITION] 7701057 88 92 130
25555 [HEALTH] 7701057 550
25588 [POSITION] 14057994 76 96 130
25588 [HEALTH] 14057994 550
25622 [POSITION] 1098754 176 156 130
25622 [HEALTH] 1098754 550
25642 [POSITION] 934915 152 172 130
25642 [HEALTH] 934915 550
25670 [POSITION] 14369800 160 154 130
25670 [HEALTH] 14369800 550
25676 [POSITION] 4162570 88 92 130
25676 [HEALTH] 4162570 550
25724 [POSITION] 6947860 98 80 130
25724 [HEALTH] 6947860 550
25724 [POSITION] 2540565 74 96 130
25724 [HEALTH] 2540565 550
25774 [POSITION] 2147356 176 156 130
25774 [HEALTH] 2147356 550
25796 [POSITION] 15352863 88 92 130
25796 [HEALTH] 15352863 550
25804 [POSITION] 11355170 152 172 130
25804 [HEALTH] 11355170 550
25846 [POSITION] 2212900 160 156 130
25846 [HEALTH] 2212900 550
25860 [POSITION] 13829157 76 96 130
25860 [HEALTH] 13829157 550
25928 [POSITION] 8897576 98 80 130
25928 [HEALTH] 8897576 550
25928 [POSITION] 6374441 176 156 130
25928 [HEALTH] 6374441 550
25968 [POSITION] 2884650 152 172 130
25968 [HEALTH] 2884650 550
26024 [POSITION] 2229298 158 156 130
26024 [HEALTH] 2229298 550
26132 [POSITION] 11125826 98 78 130
26132 [HEALTH] 11125826 550
26330 [POSITION] 12616785 176 156 130
26330 [HEALTH] 12616785 300
26336 [POSITION] 10732626 98 80 130
26336 [HEALTH] 10732626 300
26388 [POSITION] 13485142 76 96 130
26388 [HEALTH] 13485142 300
26414 [POSITION] 15254620 152 172 130
26414 [HEALTH] 15254620 300
26416 [POSITION] 1213533 88 92 130
26416 [HEALTH] 1213533 300
26422 [POSITION] 3146846 160 156 130
26422 [HEALTH] 3146846 300
26446 [POSITION] 4949092 176 156 130
26446 [HEALTH] 4949092 550
26458 [POSITION] 16450666 98 78 130
26458 [HEALTH] 16450666 550
26560 [POSITION] 13403251 176 156 130
26560 [HEALTH] 13403251 550
26562 [POSITION] 83060 76 96 130
26562 [HEALTH] 83060 550
26578 [POSITION] 3556471 98 80 130
26578 [HEALTH] 3556471 550
26612 [POSITION] 11797624 152 172 130
26612 [HEALTH] 11797624 550
26618 [POSITION] 3458169 88 92 130
26618 [HEALTH] 3458169 550
26630 [POSITION] 12436602 158 156 130
26630 [HEALTH] 12436602 550
26676 [POSITION] 7799933 176 156 130
26676 [HEALTH] 7799933 550
26700 [POSITION] 6734974 98 80 130
26700 [HEALTH] 6734974 550
26734 [POSITION] 6145154 76 96 130
26734 [HEALTH] 6145154 550
26810 [POSITION] 12371091 152 172 130
26810 [HEALTH] 12371091 550
26818 [POSITION] 15189140 88 92 130
26818 [HEALTH] 15189140 550
26836 [POSITION] 8684693 160 154 130
26836 [HEALTH] 8684693 550
26908 [POSITION] 15025305 74 96 130
26908 [HEALTH] 15025305 550
27008 [POSITION] 14206108 152 172 130
27008 [HEALTH] 14206108 550
27020 [POSITION] 2901152 88 92 130
27020 [HEALTH] 2901152 550
27044 [POSITION] 4228257 160 156 130
27044 [HEALTH] 4228257 550
27252 [POSITION] 8422562 98 80 130
27252 [HEALTH] 8422562 300
27286 [POSITION] 10093731 176 156 130
27286 [HEALTH] 10093731 300
27286 [POSITION] 10536100 88 92 130
27286 [HEALTH] 10536100 300
27302 [POSITION] 5670053 76 96 130
27302 [HEALTH] 5670053 300
27310 [POSITION] 3179686 152 172 130
27310 [HEALTH] 3179686 300
27316 [POSITION] 4621479 160 156 130
27316 [HEALTH] 4621479 300
27388 [POSITION] 9700522 98 80 130
27388 [HEALTH] 9700522 550
27456 [POSITION] 10568882 176 156 130
27456 [HEALTH] 10568882 550
27458 [POSITION] 16172211 88 92 130
27458 [HEALTH] 16172211 550
27490 [POSITION] 16336053 76 96 130
27490 [HEALTH] 16336053 550
27504 [POSITION] 13698230 152 172 130
27504 [HEALTH] 13698230 550
27516 [POSITION] 9684151 160 156 130
27516 [HEALTH] 9684151 550
27524 [POSITION] 12862648 98 78 130
27524 [HEALTH] 12862648 550
27626 [POSITION] 14714053 176 156 130
27626 [HEALTH] 14714053 550
27628 [POSITION] 10388680 88 92 130
27628 [HEALTH] 10388680 550
27660 [POSITION] 10994891 98 80 130
27660 [HEALTH] 10994891 550
27676 [POSITION] 16450764 74 96 130
27676 [HEALTH] 16450764 550
27698 [POSITION] 2688205 152 172 130
27698 [HEALTH] 2688205 550
27716 [POSITION] 11011278 160 156 130
27716 [HEALTH] 11011278 550
27796 [POSITION] 7144663 176 156 130
27796 [HEALTH] 7144663 550
27800 [POSITION] 3097816 88 92 130
27800 [HEALTH] 3097816 550
27864 [POSITION] 9209051 76 96 130
27864 [HEALTH] 9209051 550
27892 [POSITION] 3228901 152 172 130
27892 [HEALTH] 3228901 550
27916 [POSITION] 345321 158 156 130
27916 [HEALTH] 345321 550
28134 [POSITION] 11846916 160 156 130
28134 [HEALTH] 11846916 300
28138 [POSITION] 16729351 176 156 130
28138 [HEALTH] 16729351 300
28142 [POSITION] 6849800 152 172 130
28142 [HEALTH] 6849800 300
28162 [POSITION] 394509 76 96 130
28162 [HEALTH] 394509 300
28210 [POSITION] 12322065 88 92 130
28210 [HEALTH] 12322065 300
28222 [POSITION] 10061074 98 80 130
28222 [HEALTH] 10061074 300
28252 [POSITION] 13124883 160 154 130
28252 [HEALTH] 13124883 550
28262 [POSITION] 14763284 176 156 130
28262 [HEALTH] 14763284 550
28268 [POSITION] 14746901 152 172 130
28268 [HEALTH] 14746901 550
28308 [POSITION] 13485334 74 96 130
28308 [HEALTH] 13485334 550
28370 [POSITION] 11207963 160 156 130
28370 [HEALTH] 11207963 550
28384 [POSITION] 6423836 176 156 130
28384 [HEALTH] 6423836 550
28394 [POSITION] 7374111 152 172 130
28394 [HEALTH] 7374111 550
28404 [POSITION] 7554336 88 92 130
28404 [HEALTH] 7554336 550
28428 [POSITION] 9504049 98 80 130
28428 [HEALTH] 9504049 550
28454 [POSITION] 4408628 76 96 130
28454 [HEALTH] 4408628 550
28488 [POSITION] 1131829 158 156 130
28488 [HEALTH] 1131829 550
28508 [POSITION] 7111993 176 156 130
28508 [HEALTH] 7111993 550
28520 [POSITION] 9045309 152 172 130
28520 [HEALTH] 9045309 550
28598 [POSITION] 15222080 88 92 130
28598 [HEALTH] 15222080 550
28600 [POSITION] 7030081 76 96 130
28600 [HEALTH] 7030081 550
28634 [POSITION] 15091010 98 80 130
28634 [HEALTH] 15091010 550
28792 [POSITION] 1066311 88 92 130
28792 [HEALTH] 1066311 550
28840 [POSITION] 14091594 98 80 130
28840 [HEALTH] 14091594 550
29054 [POSITION] 8766802 160 156 130
29054 [HEALTH] 8766802 300
29070 [POSITION] 2901331 152 172 130
29070 [HEALTH] 2901331 300
29078 [POSITION] 11699540 98 80 130
29078 [HEALTH] 11699540 300
29094 [POSITION] 4326741 76 96 130
29094 [HEALTH] 4326741 300
29096 [POSITION] 5686614 88 92 130
29096 [HEALTH] 5686614 300
29104 [POSITION] 12977495 176 156 130
29104 [HEALTH] 12977495 300
29192 [POSITION] 10995033 160 156 130
29192 [HEALTH] 10995033 550
29222 [POSITION] 3753306 152 172 130
29222 [HEALTH] 3753306 550
29238 [POSITION] 6751579 98 78 130
29238 [HEALTH] 6751579 550
29270 [POSITION] 673116 76 96 130
29270 [HEALTH] 673116 550
29274 [POSITION] 7652701 88 92 130
29274 [HEALTH] 7652701 550
29292 [POSITION] 15746398 176 156 130
29292 [HEALTH] 15746398 550
29330 [POSITION] 13157728 158 156 130
29330 [HEALTH] 13157728 550
29376 [POSITION] 2704738 152 172 130
29376 [HEALTH] 2704738 550
29400 [POSITION] 11715939 98 80 130
29400 [HEALTH] 11715939 550
29448 [POSITION] 1869156 76 96 130
29448 [HEALTH] 1869156 550
29454 [POSITION] 673125 88 92 130
29454 [HEALTH] 673125 550
29468 [POSITION] 12076390 158 154 130
29468 [HEALTH] 12076390 550
29480 [POSITION] 2164073 176 156 130
29480 [HEALTH] 2164073 550
29528 [POSITION] 14353771 152 172 130
29528 [HEALTH] 14353771 550
29560 [POSITION] 4687212 98 80 130
29560 [HEALTH] 4687212 550
29624 [POSITION] 1967469 74 96 130
29624 [HEALTH] 1967469 550
29632 [POSITION] 15664494 88 92 130
29632 [HEALTH] 15664494 550
29668 [POSITION] 14796143 176 156 130
29668 [HEALTH] 14796143 550
29942 [POSITION] 4654460 160 156 130
29942 [HEALTH] 4654460 300
29952 [POSITION] 14730621 176 156 130
29952 [HEALTH] 14730621 300
29980 [POSITION] 9979262 152 172 130
29980 [HEALTH] 9979262 300
29994 [POSITION] 8897919 88 92 130
29994 [HEALTH] 8897919 300
30004 [POSITION] 1230208 76 96 130
30004 [HEALTH] 1230208 300
30010 [POSITION] 3130753 98 80 130
30010 [HEALTH] 3130753 300
30068 [POSITION] 12174728 160 156 130
30068 [HEALTH] 12174728 550
30088 [POSITION] 11060617 176 156 130
30088 [HEALTH] 11060617 550
30142 [POSITION] 7685514 152 172 130
30142 [HEALTH] 7685514 550
30170 [POSITION] 1590668 88 92 130
30170 [HEALTH] 1590668 550
30190 [POSITION] 8504717 76 96 130
30190 [HEALTH] 8504717 550
30194 [POSITION] 10519950 160 156 130
30194 [HEALTH] 10519950 550
30202 [POSITION] 4752783 98 80 130
30202 [HEALTH] 4752783 550
30224 [POSITION] 13125008 176 156 130
30224 [HEALTH] 13125008 550
30306 [POSITION] 16500113 152 172 130
30306 [HEALTH] 16500113 550
30320 [POSITION] 6260114 160 154 130
30320 [HEALTH] 6260114 550
30348 [POSITION] 16614807 88 92 130
30348 [HEALTH] 16614807 550
30360 [POSITION] 15173017 176 156 130
30360 [HEALTH] 15173017 550
30378 [POSITION] 15762842 76 96 130
30378 [HEALTH] 15762842 550
30396 [POSITION] 13829531 98 80 130
30396 [HEALTH] 13829531 550
30468 [POSITION] 3147164 152 172 130
30468 [HEALTH] 3147164 550
30524 [POSITION] 3229085 88 92 130
30524 [HEALTH] 3229085 550
30564 [POSITION] 10012062 74 96 130
30564 [HEALTH] 10012062 550
30588 [POSITION] 12404127 98 78 130
30588 [HEALTH] 12404127 550
30860 [POSITION] 11650472 98 80 130
30860 [HEALTH] 11650472 300
30864 [POSITION] 9717161 76 96 130
30864 [HEALTH] 9717161 300
30872 [POSITION] 7325098 152 172 130
30872 [HEALTH] 7325098 300
30886 [POSITION] 13305259 88 92 130
30886 [HEALTH] 13305259 300
30898 [POSITION] 12289452 176 156 130
30898 [HEALTH] 12289452 300
30900 [POSITION] 11240877 160 156 130
30900 [HEALTH] 11240877 300
31002 [POSITION] 9176494 98 78 130
31002 [HEALTH] 9176494 550
31012 [POSITION] 11158959 76 96 130
31012 [HEALTH] 11158959 550
31028 [POSITION] 16139696 152 172 130
31028 [HEALTH] 16139696 550
31054 [POSITION] 12780977 88 92 130
31054 [HEALTH] 12780977 550
31080 [POSITION] 14239154 176 156 130
31080 [HEALTH] 14239154 550
31084 [POSITION] 8373683 160 154 130
31084 [HEALTH] 8373683 550
31146 [POSITION] 2295229 98 80 130
31146 [HEALTH] 2295229 550
31160 [POSITION] 3376574 74 96 130
31160 [HEALTH] 3376574 550
31184 [POSITION] 345535 152 172 130
31184 [HEALTH] 345535 550
31224 [POSITION] 11748800 88 92 130
31224 [HEALTH] 11748800 550
31262 [POSITION] 16516545 176 156 130
31262 [HEALTH] 16516545 550
31268 [POSITION] 7374274 160 156 130
31268 [HEALTH] 7374274 550
31288 [POSITION] 15975875 98 80 130
31288 [HEALTH] 15975875 550
31308 [POSITION] 16270788 76 96 130
31308 [HEALTH] 16270788 550
31340 [POSITION] 5064133 152 172 130
31340 [HEALTH] 5064133 550
31392 [POSITION] 8717768 88 92 130
31392 [HEALTH] 8717768 550
31444 [POSITION] 804301 176 156 130
31444 [HEALTH] 804301 550
31452 [POSITION] 12961231 160 156 130
31452 [HEALTH] 12961231 550
31732 [POSITION] 4408799 76 96 130
31732 [HEALTH] 4408799 300
31750 [POSITION] 9143776 152 172 130
31750 [HEALTH] 9143776 300
31750 [POSITION] 886241 176 156 130
31750 [HEALTH] 886241 300
31798 [POSITION] 10438114 160 156 130
31798 [HEALTH] 10438114 300
31810 [POSITION] 14386659 88 92 130
31810 [HEALTH] 14386659 300
31824 [POSITION] 16336356 98 80 130
31824 [HEALTH] 16336356 300
31846 [POSITION] 6751717 74 96 130
31846 [HEALTH] 6751717 550
31882 [POSITION] 4146664 152 172 130
31882 [HEALTH] 4146664 550
31884 [POSITION] 16270825 176 156 130
31884 [HEALTH] 16270825 550
31962 [POSITION] 15631851 76 96 130
31962 [HEALTH] 15631851 550
31978 [POSITION] 820718 158 156 130
31978 [HEALTH] 820718 550
32004 [POSITION] 14435823 88 92 130
32004 [HEALTH] 14435823 550
32016 [POSITION] 6424049 152 172 130
32016 [HEALTH] 6424049 550
32018 [POSITION] 2491890 176 156 130
32018 [HEALTH] 2491890 550
32030 [POSITION] 837107 98 80 130
32030 [HEALTH] 837107 550
32076 [POSITION] 4589045 76 96 130
32076 [HEALTH] 4589045 550
32148 [POSITION] 10814223 152 172 130
32148 [HEALTH] 10814223 550
32152 [POSITION] 3244808 176 156 130
32152 [HEALTH] 3244808 550
32160 [POSITION] 10371862 158 154 130
32160 [HEALTH] 10371862 550
32198 [POSITION] 16450317 88 92 130
32198 [HEALTH] 16450317 550
32238 [POSITION] 12911374 98 80 130
32238 [HEALTH] 12911374 550
32340 [POSITION] 9421591 160 154 130
32340 [HEALTH] 9421591 550
32392 [POSITION] 4096911 88 92 130
32392 [HEALTH] 4096911 550
32444 [POSITION] 16122629 98 78 130
32444 [HEALTH] 16122629 550
32632 [POSITION] 1426370 76 96 130
32632 [HEALTH] 1426370 300
32638 [POSITION] 9700123 160 156 130
32638 [HEALTH] 9700123 300
32652 [POSITION] 3621292 176 156 130
32652 [HEALTH] 3621292 300
32662 [POSITION] 13942981 98 80 130
32662 [HEALTH] 13942981 300
32680 [POSITION] 7422744 152 172 130
32680 [HEALTH] 7422744 300
32686 [POSITION] 6308629 88 92 130
32686 [HEALTH] 6308629 300
32748 [POSITION] 7717441 76 96 130
32748 [HEALTH] 7717441 550
32758 [POSITION] 6914472 160 154 130
32758 [HEALTH] 6914472 550
32786 [POSITION] 49949 176 156 130
32786 [HEALTH] 49949 550
32808 [POSITION] 15680403 98 80 130
32808 [HEALTH] 15680403 550
32844 [POSITION] 7488656 152 172 130
32844 [HEALTH] 7488656 550
32854 [POSITION] 9864337 88 92 130
32854 [HEALTH] 9864337 550
32864 [POSITION] 13845541 76 96 130
32864 [HEALTH] 13845541 550
32880 [POSITION] 8913960 158 156 130
32880 [HEALTH] 8913960 550
32922 [POSITION] 14074378 176 156 130
32922 [HEALTH] 14074378 550
32954 [POSITION] 16450449 98 80 130
32954 [HEALTH] 16450449 550
32980 [POSITION] 2556949 74 96 130
32980 [HEALTH] 2556949 550
33000 [POSITION] 2524378 158 154 130
33000 [HEALTH] 2524378 550
33008 [POSITION] 9781463 152 172 130
33008 [HEALTH] 9781463 550
33024 [POSITION] 12304595 88 92 130
33024 [HEALTH] 12304595 550
33056 [POSITION] 935144 176 156 130
33056 [HEALTH] 935144 550
33100 [POSITION] 262377 98 78 130
33100 [HEALTH] 262377 550
33172 [POSITION] 16565440 152 172 130
33172 [HEALTH] 16565440 550
33192 [POSITION] 5751945 88 92 130
33192 [HEALTH] 5751945 550
33614 [POSITION] 7816317 152 172 130
33614 [HEALTH] 7816317 300
33626 [POSITION] 8701077 158 156 130
33626 [HEALTH] 8701077 300
33640 [POSITION] 3163230 98 80 130
33640 [HEALTH] 3163230 300
33712 [POSITION] 12452986 152 172 130
33712 [HEALTH] 12452986 550
33724 [POSITION] 11814008 176 156 130
33724 [HEALTH] 11814008 300
33730 [POSITION] 12633169 158 156 130
33730 [HEALTH] 12633169 550
33736 [POSITION] 12387475 88 92 130
33736 [HEALTH] 12387475 300
33740 [POSITION] 7881855 76 96 130
33740 [HEALTH] 7881855 300
33750 [POSITION] 8307840 100 80 130
33750 [HEALTH] 8307840 550
33810 [POSITION] 13485185 152 172 130
33810 [HEALTH] 13485185 550
33834 [POSITION] 13419635 158 154 130
33834 [HEALTH] 13419635 550
33862 [POSITION] 9962830 98 78 130
33862 [HEALTH] 9962830 550
33876 [POSITION] 1623373 176 156 130
33876 [HEALTH] 1623373 550
33894 [POSITION] 15271004 88 92 130
33894 [HEALTH] 15271004 550
33900 [POSITION] 4965476 76 96 130
33900 [HEALTH] 4965476 550
33908 [POSITION] 7815594 152 172 130
33908 [HEALTH] 7815594 550
33938 [POSITION] 12354788 160 154 130
33938 [HEALTH] 12354788 550
33972 [POSITION] 378149 98 80 130
33972 [HEALTH] 378149 550
34030 [POSITION] 3114200 176 154 130
34030 [HEALTH] 3114200 550
34054 [POSITION] 15140171 88 92 130
34054 [HEALTH] 15140171 550
34062 [POSITION] 16467050 76 96 130
34062 [HEALTH] 16467050 550
34182 [POSITION] 3572855 176 156 130
34182 [HEALTH] 3572855 550
34212 [POSITION] 15876315 88 92 130
34212 [HEALTH] 15876315 550
34222 [POSITION] 3245285 74 96 130
34222 [HEALTH] 3245285 550
34436 [POSITION] 10585266 76 96 130
34436 [HEALTH] 10585266 300
34460 [POSITION] 2704589 152 172 130
34460 [HEALTH] 2704589 300
34492 [POSITION] 4588592 176 156 130
34492 [HEALTH] 4588592 300
34498 [POSITION] 14566449 98 80 130
34498 [HEALTH] 14566449 300
34512 [POSITION] 13714614 160 156 130
34512 [HEALTH] 13714614 300
34524 [POSITION] 9225435 88 92 130
34524 [HEALTH] 9225435 300
34554 [POSITION] 10405064 76 96 130
34554 [HEALTH] 10405064 550
34604 [POSITION] 3196070 152 172 130
34604 [HEALTH] 3196070 550
34666 [POSITION] 9716906 176 156 130
34666 [HEALTH] 9716906 550
34672 [POSITION] 361705 74 96 130
34672 [HEALTH] 361705 550
34680 [POSITION] 10110115 98 80 130
34680 [HEALTH] 10110115 550
34706 [POSITION] 16352437 160 154 130
34706 [HEALTH] 16352437 550
34730 [POSITION] 11011275 88 92 130
34730 [HEALTH] 11011275 550
34746 [POSITION] 7570720 152 172 130
34746 [HEALTH] 7570720 550
34790 [POSITION] 5686437 76 96 130
34790 [HEALTH] 5686437 550
34840 [POSITION] 7390495 176 156 130
34840 [HEALTH] 7390495 550
34860 [POSITION] 5113222 98 78 130
34860 [HEALTH] 5113222 550
34890 [POSITION] 14434546 152 172 130
34890 [HEALTH] 14434546 550
34900 [POSITION] 1949928 158 156 130
34900 [HEALTH] 1949928 550
34936 [POSITION] 279941 88 92 130
34936 [HEALTH] 279941 550
35014 [POSITION] 14763285 176 156 130
35014 [HEALTH] 14763285 550
35042 [POSITION] 1082695 98 80 130
35042 [HEALTH] 1082695 550
35094 [POSITION] 558450 160 156 130
35094 [HEALTH] 558450 550
35142 [POSITION] 13649202 88 92 130
35142 [HEALTH] 13649202 550
35334 [POSITION] 1148213 152 172 130
35334 [HEALTH] 1148213 300
35352 [POSITION] 15238464 160 156 130
35352 [HEALTH] 15238464 300
35386 [POSITION] 5046515 76 96 130
35386 [HEALTH] 5046515 300
35410 [POSITION] 10077458 176 156 130
35410 [HEALTH] 10077458 300
35410 [POSITION] 722337 98 80 130
35410 [HEALTH] 722337 300
35420 [POSITION] 12092774 88 92 130
35420 [HEALTH] 12092774 300
35450 [POSITION] 10732678 152 172 130
35450 [HEALTH] 10732678 550
35488 [POSITION] 8160391 158 156 130
35488 [HEALTH] 8160391 550
35556 [POSITION] 2179499 76 96 130
35556 [HEALTH] 2179499 550
35566 [POSITION] 214107 152 172 130
35566 [HEALTH] 214107 550
35602 [POSITION] 15107394 98 80 130
35602 [HEALTH] 15107394 550
35604 [POSITION] 4425012 176 156 130
35604 [HEALTH] 4425012 550
35622 [POSITION] 5899636 160 154 130
35622 [HEALTH] 5899636 550
35624 [POSITION] 4605301 88 92 130
35624 [HEALTH] 4605301 550
35682 [POSITION] 12862883 152 172 130
35682 [HEALTH] 12862883 550
35724 [POSITION] 8783269 74 96 130
35724 [HEALTH] 8783269 550
35758 [POSITION] 11928998 160 156 130
35758 [HEALTH] 11928998 550
35794 [POSITION] 11879847 98 78 130
35794 [HEALTH] 11879847 550
35796 [POSITION] 5112904 176 156 130
35796 [HEALTH] 5112904 550
35826 [POSITION] 13681857 88 92 130
35826 [HEALTH] 13681857 550
35894 [POSITION] 1343726 76 96 130
35894 [HEALTH] 1343726 550
35986 [POSITION] 11765184 98 80 130
35986 [HEALTH] 11765184 550
35990 [POSITION] 14402568 176 156 130
35990 [HEALTH] 14402568 550
36030 [POSITION] 9224979 88 92 130
36030 [HEALTH] 9224979 550
36262 [POSITION] 33562 76 96 130
36262 [HEALTH] 33562 300
36272 [POSITION] 11584664 88 92 130
36272 [HEALTH] 11584664 300
36280 [POSITION] 3998863 152 172 130
36280 [HEALTH] 3998863 300
36292 [POSITION] 1426573 176 156 130
36292 [HEALTH] 1426573 300
36298 [POSITION] 12780480 98 80 130
36298 [HEALTH] 12780480 300
36300 [POSITION] 15041424 160 156 130
36300 [HEALTH] 15041424 300
36406 [POSITION] 3392958 76 96 130
36406 [HEALTH] 3392958 550
36428 [POSITION] 7341482 88 92 130
36428 [HEALTH] 7341482 550
36442 [POSITION] 6161656 152 172 130
36442 [HEALTH] 6161656 550
36468 [POSITION] 8390067 176 156 130
36468 [HEALTH] 8390067 550
36478 [POSITION] 11257261 98 78 130
36478 [HEALTH] 11257261 550
36482 [POSITION] 12977615 160 156 130
36482 [HEALTH] 12977615 550
36550 [POSITION] 10437129 76 96 130
36550 [HEALTH] 10437129 550
36582 [POSITION] 8389655 88 92 130
36582 [HEALTH] 8389655 550
36604 [POSITION] 7848984 152 172 130
36604 [HEALTH] 7848984 550
36642 [POSITION] 820685 176 156 130
36642 [HEALTH] 820685 550
36658 [POSITION] 15992259 98 78 130
36658 [HEALTH] 15992259 550
36664 [POSITION] 16287172 158 156 130
36664 [HEALTH] 16287172 550
36694 [POSITION] 16221455 74 96 130
36694 [HEALTH] 16221455 550
36738 [POSITION] 4228029 88 92 130
36738 [HEALTH] 4228029 550
36766 [POSITION] 10010873 152 172 130
36766 [HEALTH] 10010873 550
36818 [POSITION] 14255538 176 156 130
36818 [HEALTH] 14255538 550
36838 [POSITION] 14403043 98 80 130
36838 [HEALTH] 14403043 550
36846 [POSITION] 6209748 158 154 130
36846 [HEALTH] 6209748 550
37140 [POSITION] 12305836 176 156 130
37140 [HEALTH] 12305836 300
37172 [POSITION] 15648235 152 172 130
37172 [HEALTH] 15648235 300
37174 [POSITION] 4605429 98 80 130
37174 [HEALTH] 4605429 300
37188 [POSITION] 13845915 88 92 130
37188 [HEALTH] 13845915 300
37198 [POSITION] 10765394 160 156 130
37198 [HEALTH] 10765394 300
37206 [POSITION] 13419855 76 96 130
37206 [HEALTH] 13419855 300
37262 [POSITION] 837102 176 156 130
37262 [HEALTH] 837102 550
37326 [POSITION] 902625 152 172 130
37326 [HEALTH] 902625 550
37328 [POSITION] 5080517 98 80 130
37328 [HEALTH] 5080517 550
37358 [POSITION] 4425183 88 92 130
37358 [HEALTH] 4425183 550
37376 [POSITION] 14452207 160 156 130
37376 [HEALTH] 14452207 550
37384 [POSITION] 16466701 176 156 130
37384 [HEALTH] 16466701 550
37392 [POSITION] 1442754 76 96 130
37392 [HEALTH] 1442754 550
37480 [POSITION] 9437975 152 172 130
37480 [HEALTH] 9437975 550
37484 [POSITION] 4769167 98 78 130
37484 [HEALTH] 4769167 550
37506 [POSITION] 8175805 176 156 130
37506 [HEALTH] 8175805 550
37528 [POSITION] 13861925 88 92 130
37528 [HEALTH] 13861925 550
37556 [POSITION] 853491 158 156 130
37556 [HEALTH] 853491 550
37580 [POSITION] 10568868 76 96 130
37580 [HEALTH] 10568868 550
37634 [POSITION] 6930856 152 172 130
37634 [HEALTH] 6930856 550
37638 [POSITION] 7733825 98 80 130
37638 [HEALTH] 7733825 550
37698 [POSITION] 10503521 88 92 130
37698 [HEALTH] 10503521 550
37734 [POSITION] 2146524 158 154 130
37734 [HEALTH] 2146524 550
37766 [POSITION] 12927758 74 96 130
37766 [HEALTH] 12927758 550
38050 [POSITION] 12879145 160 156 130
38050 [HEALTH] 12879145 300
38058 [POSITION] 4030648 88 92 130
38058 [HEALTH] 4030648 300
38090 [POSITION] 10830607 98 80 130
38090 [HEALTH] 10830607 300
38104 [POSITION] 3637676 152 172 130
38104 [HEALTH] 3637676 300
38104 [POSITION] 66333 176 156 130
38104 [HEALTH] 66333 300
38124 [POSITION] 7505040 76 96 130
38124 [HEALTH] 7505040 300
38180 [POSITION] 5768329 158 156 130
38180 [HEALTH] 5768329 550
38196 [POSITION] 9880721 88 92 130
38196 [HEALTH] 9880721 550
38262 [POSITION] 6325013 98 80 130
38262 [HEALTH] 6325013 550
38290 [POSITION] 11354365 152 172 130
38290 [HEALTH] 11354365 550
38290 [POSITION] 8848417 176 156 130
38290 [HEALTH] 8848417 550
38312 [POSITION] 2573619 158 154 130
38312 [HEALTH] 2573619 550
38330 [POSITION] 5817567 76 96 130
38330 [HEALTH] 5817567 550
38336 [POSITION] 11846880 88 92 130
38336 [HEALTH] 11846880 550
38434 [POSITION] 15287388 98 80 130
38434 [HEALTH] 15287388 550
38442 [POSITION] 9797847 160 154 130
38442 [HEALTH] 9797847 550
38474 [POSITION] 278761 88 92 130
38474 [HEALTH] 278761 550
38476 [POSITION] 7439128 176 156 130
38476 [HEALTH] 7439128 550
38476 [POSITION] 12469651 152 172 130
38476 [HEALTH] 12469651 550
38536 [POSITION] 9142509 76 96 130
38536 [HEALTH] 9142509 550
38606 [POSITION] 15156555 98 80 130
38606 [HEALTH] 15156555 550
38662 [POSITION] 9536817 176 156 130
38662 [HEALTH] 9536817 550
38662 [POSITION] 9160160 152 172 130
38662 [HEALTH] 9160160 550
38742 [POSITION] 15156356 74 96 130
38742 [HEALTH] 15156356 550
38956 [POSITION] 3261669 176 156 130
38956 [HEALTH] 3261669 300
38988 [POSITION] 14124362 160 156 130
38988 [HEALTH] 14124362 300
38990 [POSITION] 13501569 98 80 130
38990 [HEALTH] 13501569 300
38996 [POSITION] 3130584 76 96 130
38996 [HEALTH] 3130584 300
39002 [POSITION] 8717461 88 92 130
39002 [HEALTH] 8717461 300
39024 [POSITION] 6407209 152 172 130
39024 [HEALTH] 6407209 300
39094 [POSITION] 115828 176 156 130
39094 [HEALTH] 115828 550
39156 [POSITION] 4981860 160 156 130
39156 [HEALTH] 4981860 550
39162 [POSITION] 7831978 98 80 130
39162 [HEALTH] 7831978 550
39172 [POSITION] 5439697 76 96 130
39172 [HEALTH] 5439697 550
39184 [POSITION] 7898239 88 92 130
39184 [HEALTH] 7898239 550
39230 [POSITION] 11011575 152 172 130
39230 [HEALTH] 11011575 550
39232 [POSITION] 5834230 176 156 130
39232 [HEALTH] 5834230 550
39326 [POSITION] 6112020 160 154 130
39326 [HEALTH] 6112020 550
39334 [POSITION] 12207496 98 78 130
39334 [HEALTH] 12207496 550
39350 [POSITION] 6718475 76 96 130
39350 [HEALTH] 6718475 550
39368 [POSITION] 11732308 88 92 130
39368 [HEALTH] 11732308 550
39370 [POSITION] 1623436 176 156 130
39370 [HEALTH] 1623436 550
39436 [POSITION] 12436895 152 172 130
39436 [HEALTH] 12436895 550
39494 [POSITION] 16467448 158 156 130
39494 [HEALTH] 16467448 550
39506 [POSITION] 16647229 98 80 130
39506 [HEALTH] 16647229 550
39526 [POSITION] 9388242 74 96 130
39526 [HEALTH] 9388242 550
39550 [POSITION] 12371101 88 92 130
39550 [HEALTH] 12371101 550
39642 [POSITION] 6784347 152 172 130
39642 [HEALTH] 6784347 550
39850 [POSITION] 378089 176 156 130
39850 [HEALTH] 378089 300
39882 [POSITION] 13451488 152 172 130
39882 [HEALTH] 13451488 300
39904 [POSITION] 2278450 88 92 130
39904 [HEALTH] 2278450 300
39904 [POSITION] 7406879 76 96 130
39904 [HEALTH] 7406879 300
39912 [POSITION] 10633450 98 80 130
39912 [HEALTH] 10633450 300
39928 [POSITION] 1754112 160 156 130
39928 [HEALTH] 1754112 300
39980 [POSITION] 1147841 176 156 130
39980 [HEALTH] 1147841 550
40047 [POSITION] 10470882 152 172 130
40047 [HEALTH] 10470882 550
40089 [POSITION] 2557146 76 96 130
40089 [HEALTH] 2557146 550
40091 [POSITION] 4670631 88 92 130
40091 [HEALTH] 4670631 550
40105 [POSITION] 16220937 98 78 130
40105 [HEALTH] 16220937 550
40111 [POSITION] 10224394 176 156 130
40111 [HEALTH] 10224394 550
40137 [POSITION] 5096332 160 156 130
40137 [HEALTH] 5096332 550
40211 [POSITION] 3605643 152 172 130
40211 [HEALTH] 3605643 550
40243 [POSITION] 7570322 176 156 130
40243 [HEALTH] 7570322 550
40273 [POSITION] 16303556 76 96 130
40273 [HEALTH] 16303556 550
40277 [POSITION] 6178040 88 92 130
40277 [HEALTH] 6178040 550
40297 [POSITION] 10027257 98 80 130
40297 [HEALTH] 10027257 550
40345 [POSITION] 4015247 160 154 130
40345 [HEALTH] 4015247 550
40375 [POSITION] 14419427 152 172 130
40375 [HEALTH] 14419427 550
40459 [POSITION] 11273645 74 96 130
40459 [HEALTH] 11273645 550
40463 [POSITION] 16008643 88 92 130
40463 [HEALTH] 16008643 550
40491 [POSITION] 7357866 98 78 130
40491 [HEALTH] 7357866 550
40555 [POSITION] 10453513 158 156 130
40555 [HEALTH] 10453513 550
40753 [POSITION] 15664619 176 156 130
40753 [HEALTH] 15664619 300
40787 [POSITION] 11683240 88 92 130
40787 [HEALTH] 11683240 300
40795 [POSITION] 4097157 76 96 130
40795 [HEALTH] 4097157 300
40799 [POSITION] 2163585 160 156 130
40799 [HEALTH] 2163585 300
40799 [POSITION] 919009 98 80 130
40799 [HEALTH] 919009 300
40819 [POSITION] 12354871 152 172 130
40819 [HEALTH] 12354871 300
40889 [POSITION] 14468591 176 156 130
40889 [HEALTH] 14468591 550
40955 [POSITION] 14271922 88 92 130
40955 [HEALTH] 14271922 550
40971 [POSITION] 2162908 76 96 130
40971 [HEALTH] 2162908 550
40979 [POSITION] 4785551 160 154 130
40979 [HEALTH] 4785551 550
40981 [POSITION] 5096901 98 78 130
40981 [HEALTH] 5096901 550
41019 [POSITION] 16172464 152 172 130
41019 [HEALTH] 16172464 550
41023 [POSITION] 9979116 176 156 130
41023 [HEALTH] 9979116 550
41123 [POSITION] 15811994 88 92 130
41123 [HEALTH] 15811994 550
41147 [POSITION] 3507321 74 96 130
41147 [HEALTH] 3507321 550
41159 [POSITION] 16663959 158 156 130
41159 [HEALTH] 16663959 550
41159 [POSITION] 8406451 176 156 130
41159 [HEALTH] 8406451 550
41161 [POSITION] 4441567 98 80 130
41161 [HEALTH] 4441567 550
41219 [POSITION] 6604154 152 172 130
41219 [HEALTH] 6604154 550
41291 [POSITION] 9438587 88 92 130
41291 [HEALTH] 9438587 550
41323 [POSITION] 49946 76 96 130
41323 [HEALTH] 49946 550
41339 [POSITION] 12666362 160 156 130
41339 [HEALTH] 12666362 550
41343 [POSITION] 3114491 98 80 130
41343 [HEALTH] 3114491 550
41419 [POSITION] 6177922 152 172 130
41419 [HEALTH] 6177922 550
41639 [POSITION] 16483085 160 156 130
41639 [HEALTH] 16483085 300
41663 [POSITION] 3802458 76 96 130
41663 [HEALTH] 3802458 300
41675 [POSITION] 5293270 176 156 130
41675 [HEALTH] 5293270 300
41681 [POSITION] 2426224 98 80 130
41681 [HEALTH] 2426224 300
41699 [POSITION] 15648040 88 92 130
41699 [HEALTH] 15648040 300
41719 [POSITION] 13452582 152 172 130
41719 [HEALTH] 13452582 300
41757 [POSITION] 722268 160 156 130
41757 [HEALTH] 722268 550
41807 [POSITION] 14287945 76 96 130
41807 [HEALTH] 14287945 550
41829 [POSITION] 3605623 176 156 130
41829 [HEALTH] 3605623 550
41841 [POSITION] 16499818 98 80 130
41841 [HEALTH] 16499818 550
41877 [POSITION] 1459138 158 156 130
41877 [HEALTH] 1459138 550
41879 [POSITION] 14845295 88 92 130
41879 [HEALTH] 14845295 550
41919 [POSITION] 10093842 152 172 130
41919 [HEALTH] 10093842 550
41951 [POSITION] 11370749 76 96 130
41951 [HEALTH] 11370749 550
41985 [POSITION] 1918308 176 156 130
41985 [HEALTH] 1918308 550
41995 [POSITION] 11044185 158 154 130
41995 [HEALTH] 11044185 550
42003 [POSITION] 4375893 98 80 130
42003 [HEALTH] 4375893 550
42059 [POSITION] 12944142 88 92 130
42059 [HEALTH] 12944142 550
42095 [POSITION] 7849085 74 96 130
42095 [HEALTH] 7849085 550
42119 [POSITION] 853486 152 172 130
42119 [HEALTH] 853486 550
42139 [POSITION] 8815954 176 156 130
42139 [HEALTH] 8815954 550
42163 [POSITION] 13206880 98 78 130
42163 [HEALTH] 13206880 550
42239 [POSITION] 10569102 88 92 130
42239 [HEALTH] 10569102 550
42319 [POSITION] 476236 152 172 130
42319 [HEALTH] 476236 550
42603 [POSITION] 3195998 160 156 130
42603 [HEALTH] 3195998 300
42639 [POSITION] 7455512 152 172 130
42639 [HEALTH] 7455512 300
42641 [POSITION] 6341397 176 156 130
42641 [HEALTH] 6341397 300
42695 [POSITION] 7177431 160 154 130
42695 [HEALTH] 7177431 550
42715 [POSITION] 2590003 76 96 130
42715 [HEALTH] 2590003 300
42739 [POSITION] 6242516 88 92 130
42739 [HEALTH] 6242516 300
42739 [POSITION] 9158893 98 80 130
42739 [HEALTH] 9158893 300
42749 [POSITION] 12486035 152 172 130
42749 [HEALTH] 12486035 550
42753 [POSITION] 7521424 176 156 130
42753 [HEALTH] 7521424 550
42787 [POSITION] 4113816 158 156 130
42787 [HEALTH] 4113816 550
42859 [POSITION] 2491494 152 172 130
42859 [HEALTH] 2491494 550
42863 [POSITION] 12174775 76 96 130
42863 [HEALTH] 12174775 550
42863 [POSITION] 14026168 176 154 130
42863 [HEALTH] 14026168 550
42879 [POSITION] 5719481 160 156 130
42879 [HEALTH] 5719481 550
42899 [POSITION] 6784150 98 78 130
42899 [HEALTH] 6784150 550
42899 [POSITION] 13878423 88 92 130
42899 [HEALTH] 13878423 550
42969 [POSITION] 1885662 152 172 130
42969 [HEALTH] 1885662 550
42975 [POSITION] 3868121 176 154 130
42975 [HEALTH] 3868121 550
43011 [POSITION] 3343834 76 96 130
43011 [HEALTH] 3343834 550
43059 [POSITION] 4621360 88 92 130
43059 [HEALTH] 4621360 550
43059 [POSITION] 2835766 98 78 130
43059 [HEALTH] 2835766 550
43159 [POSITION] 3802555 74 96 130
43159 [HEALTH] 3802555 550
43219 [POSITION] 12468455 100 80 130
43219 [HEALTH] 12468455 550
43219 [POSITION] 836014 88 92 130
43219 [HEALTH] 836014 550
43447 [POSITION] 10765446 160 156 130
43447 [HEALTH] 10765446 300
43457 [POSITION] 4638069 152 172 130
43457 [HEALTH] 4638069 300
43497 [POSITION] 12895651 88 92 130
43497 [HEALTH] 12895651 300
43515 [POSITION] 4146063 76 96 130
43515 [HEALTH] 4146063 300
43515 [POSITION] 7603420 176 156 130
43515 [HEALTH] 7603420 300
43521 [POSITION] 12600541 98 80 130
43521 [HEALTH] 12600541 300
43575 [POSITION] 7603488 158 154 130
43575 [HEALTH] 7603488 550
43593 [POSITION] 6325009 152 172 130
43593 [HEALTH] 6325009 550
43673 [POSITION] 14599217 88 92 130
43673 [HEALTH] 14599217 550
43703 [POSITION] 13911372 160 154 130
43703 [HEALTH] 13911372 550
43709 [POSITION] 5932404 76 96 130
43709 [HEALTH] 5932404 550
43711 [POSITION] 394687 176 156 130
43711 [HEALTH] 394687 550
43721 [POSITION] 14435336 98 80 130
43721 [HEALTH] 14435336 550
43731 [POSITION] 4818034 152 172 130
43731 [HEALTH] 4818034 550
43831 [POSITION] 3196390 160 156 130
43831 [HEALTH] 3196390 550
43851 [POSITION] 5996734 88 92 130
43851 [HEALTH] 5996734 550
43867 [POSITION] 3670926 152 172 130
43867 [HEALTH] 3670926 550
43905 [POSITION] 5817480 76 96 130
43905 [HEALTH] 5817480 550
43907 [POSITION] 3358934 176 156 130
43907 [HEALTH] 3358934 550
43923 [POSITION] 7423426 98 78 130
43923 [HEALTH] 7423426 550
44027 [POSITION] 12830129 88 92 130
44027 [HEALTH] 12830129 550
44099 [POSITION] 2737242 74 96 130
44099 [HEALTH] 2737242 550
44103 [POSITION] 15762438 176 156 130
44103 [HEALTH] 15762438 550
44123 [POSITION] 4457780 98 80 130
44123 [HEALTH] 4457780 550
44341 [POSITION] 16286767 88 92 130
44341 [HEALTH] 16286767 300
44355 [POSITION] 755105 76 96 130
44355 [HEALTH] 755105 300
44365 [POSITION] 6571146 152 172 130
44365 [HEALTH] 6571146 300
44381 [POSITION] 11748692 160 156 130
44381 [HEALTH] 11748692 300
44381 [POSITION] 3950068 176 156 130
44381 [HEALTH] 3950068 300
44393 [POSITION] 13632272 98 80 130
44393 [HEALTH] 13632272 300
44461 [POSITION] 13026647 88 92 130
44461 [HEALTH] 13026647 550
44489 [POSITION] 2016621 76 96 130
44489 [HEALTH] 2016621 550
44509 [POSITION] 5850614 152 172 130
44509 [HEALTH] 5850614 550
44543 [POSITION] 15925467 158 156 130
44543 [HEALTH] 15925467 550
44543 [POSITION] 15303772 176 156 130
44543 [HEALTH] 15303772 550
44565 [POSITION] 9995598 98 80 130
44565 [HEALTH] 9995598 550
44583 [POSITION] 3686583 88 92 130
44583 [HEALTH] 3686583 550
44625 [POSITION] 10847390 74 96 130
44625 [HEALTH] 10847390 550
44655 [POSITION] 15385759 152 172 130
44655 [HEALTH] 15385759 550
44703 [POSITION] 6963624 88 92 130
44703 [HEALTH] 6963624 550
44705 [POSITION] 9732891 176 156 130
44705 [HEALTH] 9732891 550
44705 [POSITION] 12387485 158 154 130
44705 [HEALTH] 12387485 550
44739 [POSITION] 148946 98 78 130
44739 [HEALTH] 148946 550
44759 [POSITION] 4638197 76 96 130
44759 [HEALTH] 4638197 550
44799 [POSITION] 296445 152 172 130
44799 [HEALTH] 296445 550
44867 [POSITION] 5456081 176 156 130
44867 [HEALTH] 5456081 550
44867 [POSITION] 11535780 160 154 130
44867 [HEALTH] 11535780 550
44911 [POSITION] 1672525 98 80 130
44911 [HEALTH] 1672525 550
45259 [POSITION] 11027959 176 156 130
45259 [HEALTH] 11027959 300
45291 [POSITION] 5145672 160 156 130
45291 [HEALTH] 5145672 300
45291 [POSITION] 4719996 152 172 130
45291 [HEALTH] 4719996 300
45309 [POSITION] 6128404 98 80 130
45309 [HEALTH] 6128404 300
45319 [POSITION] 16499601 76 96 130
45319 [HEALTH] 16499601 300
45329 [POSITION] 4998244 88 92 130
45329 [HEALTH] 4998244 300
45399 [POSITION] 12895529 176 156 130
45399 [HEALTH] 12895529 550
45461 [POSITION] 14140746 152 172 130
45461 [HEALTH] 14140746 550
45463 [POSITION] 10945996 160 154 130
45463 [HEALTH] 10945996 550
45499 [POSITION] 10536289 98 80 130
45499 [HEALTH] 10536289 550
45519 [POSITION] 5112716 74 96 130
45519 [HEALTH] 5112716 550
45537 [POSITION] 1770496 176 156 130
45537 [HEALTH] 1770496 550
45539 [POSITION] 951585 88 92 130
45539 [HEALTH] 951585 550
45631 [POSITION] 394602 152 172 130
45631 [HEALTH] 394602 550
45633 [POSITION] 2950186 160 156 130
45633 [HEALTH] 2950186 550
45677 [POSITION] 13894693 176 156 130
45677 [HEALTH] 13894693 550
45687 [POSITION] 14828820 98 80 130
45687 [HEALTH] 14828820 550
45717 [POSITION] 3654060 76 96 130
45717 [HEALTH] 3654060 550
45747 [POSITION] 14205961 88 92 130
45747 [HEALTH] 14205961 550
45801 [POSITION] 16237321 152 172 130
45801 [HEALTH] 16237321 550
45805 [POSITION] 1262656 158 154 130
45805 [HEALTH] 1262656 550
45877 [POSITION] 8208573 98 80 130
45877 [HEALTH] 8208573 550
45917 [POSITION] 3622027 76 96 130
45917 [HEALTH] 3622027 550
45957 [POSITION] 394473 88 92 130
45957 [HEALTH] 394473 550
46139 [POSITION] 2540619 152 172 130
46139 [HEALTH] 2540619 300
46145 [POSITION] 2245668 98 80 130
46145 [HEALTH] 2245668 300
46185 [POSITION] 11290029 88 92 130
46185 [HEALTH] 11290029 300
46193 [POSITION] 8618183 76 96 130
46193 [HEALTH] 8618183 300
46201 [POSITION] 99101 160 156 130
46201 [HEALTH] 99101 300
46225 [POSITION] 7423263 176 156 130
46225 [HEALTH] 7423263 300
46257 [POSITION] 2573530 152 172 130
46257 [HEALTH] 2573530 550
46269 [POSITION] 15058073 98 80 130
46269 [HEALTH] 15058073 550
46351 [POSITION] 14746821 88 92 130
46351 [HEALTH] 14746821 550
46365 [POSITION] 16418163 74 96 130
46365 [HEALTH] 16418163 550
46375 [POSITION] 16516202 152 172 130
46375 [HEALTH] 16516202 550
46383 [POSITION] 705893 160 156 130
46383 [HEALTH] 705893 550
46393 [POSITION] 5719382 98 80 130
46393 [HEALTH] 5719382 550
46429 [POSITION] 3900607 176 156 130
46429 [HEALTH] 3900607 550
46493 [POSITION] 3293960 152 172 130
46493 [HEALTH] 3293960 550
46515 [POSITION] 5752035 88 92 130
46515 [HEALTH] 5752035 550
46517 [POSITION] 16499916 98 80 130
46517 [HEALTH] 16499916 550
46537 [POSITION] 4392277 76 96 130
46537 [HEALTH] 4392277 550
46563 [POSITION] 5801097 158 156 130
46563 [HEALTH] 5801097 550
46633 [POSITION] 9650361 176 156 130
46633 [HEALTH] 9650361 550
46681 [POSITION] 6882568 88 92 130
46681 [HEALTH] 6882568 550
46709 [POSITION] 12403726 76 96 130
46709 [HEALTH] 12403726 550
46745 [POSITION] 541754 158 154 130
46745 [HEALTH] 541754 550
46837 [POSITION] 10404630 176 156 130
46837 [HEALTH] 10404630 550
47043 [POSITION] 8487493 160 156 130
47043 [HEALTH] 8487493 300
47055 [POSITION] 14631998 88 92 130
47055 [HEALTH] 14631998 300
47057 [POSITION] 1344575 152 172 130
47057 [HEALTH] 1344575 300
47077 [POSITION] 3360218 176 156 130
47077 [HEALTH] 3360218 300
47117 [POSITION] 7783896 98 80 130
47117 [HEALTH] 7783896 300
47119 [POSITION] 13894807 76 96 130
47119 [HEALTH] 13894807 300
47165 [POSITION] 3114307 158 156 130
47165 [HEALTH] 3114307 550
47191 [POSITION] 3212774 88 92 130
47191 [HEALTH] 3212774 550
47193 [POSITION] 4637744 152 172 130
47193 [HEALTH] 4637744 550
47235 [POSITION] 4834418 176 156 130
47235 [HEALTH] 4834418 550
47287 [POSITION] 8946728 160 156 130
47287 [HEALTH] 8946728 550
47313 [POSITION] 16155397 98 80 130
47313 [HEALTH] 16155397 550
47317 [POSITION] 3818939 76 96 130
47317 [HEALTH] 3818939 550
47325 [POSITION] 7439810 88 92 130
47325 [HEALTH] 7439810 550
47329 [POSITION] 6341393 152 172 130
47329 [HEALTH] 6341393 550
47391 [POSITION] 6013118 176 156 130
47391 [HEALTH] 6013118 550
47409 [POSITION] 12699040 158 154 130
47409 [HEALTH] 12699040 550
47461 [POSITION] 12616925 88 92 130
47461 [HEALTH] 12616925 550
47465 [POSITION] 11126153 152 172 130
47465 [HEALTH] 11126153 550
47509 [POSITION] 14451720 98 80 130
47509 [HEALTH] 14451720 550
47515 [POSITION] 3261731 74 96 130
47515 [HEALTH] 3261731 550
47549 [POSITION] 6751243 176 156 130
47549 [HEALTH] 6751243 550
47705 [POSITION] 1295453 98 78 130
47705 [HEALTH] 1295453 550
47713 [POSITION] 9569585 76 96 130
47713 [HEALTH] 9569585 550
47951 [POSITION] 11765076 88 92 130
47951 [HEALTH] 11765076 300
47967 [POSITION] 15941851 152 172 130
47967 [HEALTH] 15941851 300
47973 [POSITION] 12403869 98 80 130
47973 [HEALTH] 12403869 300
48001 [POSITION] 8799261 76 96 130
48001 [HEALTH] 8799261 300
48003 [POSITION] 3375318 176 156 130
48003 [HEALTH] 3375318 300
48009 [POSITION] 165330 160 156 130
48009 [HEALTH] 165330 300
48083 [POSITION] 10503650 88 92 130
48083 [HEALTH] 10503650 550
48115 [POSITION] 5833864 152 172 130
48115 [HEALTH] 5833864 550
48127 [POSITION] 15811934 98 80 130
48127 [HEALTH] 15811934 550
48181 [POSITION] 16695498 76 96 130
48181 [HEALTH] 16695498 550
48185 [POSITION] 13648656 176 156 130
48185 [HEALTH] 13648656 550
48199 [POSITION] 3702967 160 154 130
48199 [HEALTH] 3702967 550
48213 [POSITION] 5866998 88 92 130
48213 [HEALTH] 5866998 550
48261 [POSITION] 15778822 152 172 130
48261 [HEALTH] 15778822 550
48279 [POSITION] 2753626 98 80 130
48279 [HEALTH] 2753626 550
48345 [POSITION] 10126610 88 92 130
48345 [HEALTH] 10126610 550
48361 [POSITION] 82714 76 96 130
48361 [HEALTH] 82714 550
48367 [POSITION] 15253730 176 156 130
48367 [HEALTH] 15253730 550
48387 [POSITION] 16352321 160 156 130
48387 [HEALTH] 16352321 550
48409 [POSITION] 13174035 152 172 130
48409 [HEALTH] 13174035 550
48433 [POSITION] 1803566 98 80 130
48433 [HEALTH] 1803566 550
48541 [POSITION] 11076814 74 96 130
48541 [HEALTH] 11076814 550
48549 [POSITION] 15205707 176 156 130
48549 [HEALTH] 15205707 550
48577 [POSITION] 902386 158 156 130
48577 [HEALTH] 902386 550
48841 [POSITION] 2344373 160 156 130
48841 [HEALTH] 2344373 300
48869 [POSITION] 5014966 98 80 130
48869 [HEALTH] 5014966 300
48873 [POSITION] 5080506 176 156 130
48873 [HEALTH] 5080506 300
48893 [POSITION] 14336796 76 96 130
48893 [HEALTH] 14336796 300
48903 [POSITION] 14828821 88 92 130
48903 [HEALTH] 14828821 300
48913 [POSITION] 2015464 152 172 130
48913 [HEALTH] 2015464 300
48963 [POSITION] 4621756 158 156 130
48963 [HEALTH] 4621756 550
49019 [POSITION] 4079800 98 78 130
49019 [HEALTH] 4079800 550
49025 [POSITION] 10601870 176 156 130
49025 [HEALTH] 10601870 550
49067 [POSITION] 15680808 76 96 130
49067 [HEALTH] 15680808 550
49083 [POSITION] 6882446 160 156 130
49083 [HEALTH] 6882446 550
49085 [POSITION] 13239648 88 92 130
49085 [HEALTH] 13239648 550
49107 [POSITION] 16368396 152 172 130
49107 [HEALTH] 16368396 550
49167 [POSITION] 8111130 98 80 130
49167 [HEALTH] 8111130 550
49177 [POSITION] 12780649 176 156 130
49177 [HEALTH] 12780649 550
49205 [POSITION] 6636922 160 154 130
49205 [HEALTH] 6636922 550
49239 [POSITION] 16073788 76 96 130
49239 [HEALTH] 16073788 550
49267 [POSITION] 4818319 88 92 130
49267 [HEALTH] 4818319 550
49299 [POSITION] 5129669 152 172 130
49299 [HEALTH] 5129669 550
49317 [POSITION] 10666218 98 80 130
49317 [HEALTH] 10666218 550
49329 [POSITION] 12371217 176 156 130
49329 [HEALTH] 12371217 550
49413 [POSITION] 7701853 74 96 130
49413 [HEALTH] 7701853 550
49449 [POSITION] 2769859 88 92 130
49449 [HEALTH] 2769859 550
49493 [POSITION] 13878270 152 172 130
49493 [HEALTH] 13878270 550
49753 [POSITION] 15271060 152 172 130
49753 [HEALTH] 15271060 300
49795 [POSITION] 2033005 176 156 130
49795 [HEALTH] 2033005 300
49807 [POSITION] 8224957 98 80 130
49807 [HEALTH] 8224957 300
49809 [POSITION] 15320156 88 92 130
49809 [HEALTH] 15320156 300
49815 [POSITION] 4703399 160 156 130
49815 [HEALTH] 4703399 300
49827 [POSITION] 15074320 76 96 130
49827 [HEALTH] 15074320 300
49885 [POSITION] 5014628 152 172 130
49885 [HEALTH] 5014628 550
49969 [POSITION] 410857 176 156 130
49969 [HEALTH] 410857 550
49993 [POSITION] 14157130 98 80 130
49993 [HEALTH] 14157130 550
49995 [POSITION] 967969 88 92 130
49995 [HEALTH] 967969 550
50007 [POSITION] 1918430 160 156 130
50007 [HEALTH] 1918430 550
50017 [POSITION] 14222345 152 172 130
50017 [HEALTH] 14222345 550
50033 [POSITION] 11715928 76 96 130
50033 [HEALTH] 11715928 550
50143 [POSITION] 5768419 176 156 130
50143 [HEALTH] 5768419 550
50149 [POSITION] 9666745 152 172 130
50149 [HEALTH] 9666745 550
50179 [POSITION] 6096175 98 80 130
50179 [HEALTH] 6096175 550
50183 [POSITION] 2245035 88 92 130
50183 [HEALTH] 2245035 550
50201 [POSITION] 7914520 160 154 130
50201 [HEALTH] 7914520 550
50239 [POSITION] 13714067 76 96 130
50239 [HEALTH] 13714067 550
50317 [POSITION] 3179736 176 156 130
50317 [HEALTH] 3179736 550
50365 [POSITION] 11994534 98 80 130
50365 [HEALTH] 11994534 550
50369 [POSITION] 15106960 88 92 130
50369 [HEALTH] 15106960 550
50393 [POSITION] 13550870 160 156 130
50393 [HEALTH] 13550870 550
50445 [POSITION] 7947391 74 96 130
50445 [HEALTH] 7947391 550
50639 [POSITION] 6128725 88 92 130
50639 [HEALTH] 6128725 300
50671 [POSITION] 14041274 160 156 130
50671 [HEALTH] 14041274 300
50689 [POSITION] 16516300 76 96 130
50689 [HEALTH] 16516300 300
50699 [POSITION] 14763205 152 172 130
50699 [HEALTH] 14763205 300
50699 [POSITION] 12715424 98 80 130
50699 [HEALTH] 12715424 300
50703 [POSITION] 11732392 176 156 130
50703 [HEALTH] 11732392 300
50755 [POSITION] 7439647 88 92 130
50755 [HEALTH] 7439647 550
50821 [POSITION] 11306413 160 156 130
50821 [HEALTH] 11306413 550
50855 [POSITION] 3540342 76 96 130
50855 [HEALTH] 3540342 550
50873 [POSITION] 3720196 88 92 130
50873 [HEALTH] 3720196 550
50875 [POSITION] 6767627 98 78 130
50875 [HEALTH] 6767627 550
50877 [POSITION] 902638 152 172 130
50877 [HEALTH] 902638 550
50885 [POSITION] 7013396 176 156 130
50885 [HEALTH] 7013396 550
50971 [POSITION] 5095667 158 154 130
50971 [HEALTH] 5095667 550
50989 [POSITION] 4850802 88 92 130
50989 [HEALTH] 4850802 550
51023 [POSITION] 3835323 74 96 130
51023 [HEALTH] 3835323 550
51053 [POSITION] 3376602 98 80 130
51053 [HEALTH] 3376602 550
51055 [POSITION] 6029502 152 172 130
51055 [HEALTH] 6029502 550
51067 [POSITION] 8963112 176 156 130
51067 [HEALTH] 8963112 550
51121 [POSITION] 12141686 160 154 130
51121 [HEALTH] 12141686 550
51189 [POSITION] 5735766 76 96 130
51189 [HEALTH] 5735766 550
51229 [POSITION] 427455 98 80 130
51229 [HEALTH] 427455 550
51233 [POSITION] 4178831 152 172 130
51233 [HEALTH] 4178831 550
51249 [POSITION] 2262052 176 156 130
51249 [HEALTH] 2262052 550
51577 [POSITION] 13485314 76 96 130
51577 [HEALTH] 13485314 300
51583 [POSITION] 10765571 160 154 130
51583 [HEALTH] 10765571 300
51585 [POSITION] 13992188 152 172 130
51585 [HEALTH] 13992188 300
51609 [POSITION] 3900889 98 80 130
51609 [HEALTH] 3900889 300
51611 [POSITION] 9191661 88 92 130
51611 [HEALTH] 9191661 300
51655 [POSITION] 17671 74 96 130
51655 [HEALTH] 17671 550
51665 [POSITION] 1360959 160 156 130
51665 [HEALTH] 1360959 550
51667 [POSITION] 885166 152 172 130
51667 [HEALTH] 885166 550
51669 [POSITION] 4736380 176 156 130
51669 [HEALTH] 4736380 300
51703 [POSITION] 4490719 98 78 130
51703 [HEALTH] 4490719 550
51707 [POSITION] 16221616 88 92 130
51707 [HEALTH] 16221616 550
51733 [POSITION] 5850335 76 96 130
51733 [HEALTH] 5850335 550
51745 [POSITION] 13780304 158 156 130
51745 [HEALTH] 13780304 550
51749 [POSITION] 6800510 152 172 130
51749 [HEALTH] 6800510 550
51793 [POSITION] 99098 176 156 130
51793 [HEALTH] 99098 550
51797 [POSITION] 5752249 98 78 130
51797 [HEALTH] 5752249 550
51801 [POSITION] 7898142 88 92 130
51801 [HEALTH] 7898142 550
51811 [POSITION] 4719687 76 96 130
51811 [HEALTH] 4719687 550
51827 [POSITION] 3654775 160 154 130
51827 [HEALTH] 3654775 550
51831 [POSITION] 6374165 152 172 130
51831 [HEALTH] 6374165 550
51889 [POSITION] 15861146 74 96 130
51889 [HEALTH] 15861146 550
51891 [POSITION] 11093198 98 80 130
51891 [HEALTH] 11093198 550
51897 [POSITION] 3719351 88 92 130
51897 [HEALTH] 3719351 550
51907 [POSITION] 15762323 160 156 130
51907 [HEALTH] 15762323 550
51913 [POSITION] 8815645 152 172 130
51913 [HEALTH] 8815645 550
51917 [POSITION] 5883382 176 156 130
51917 [HEALTH] 5883382 550
51985 [POSITION] 8208572 100 80 130
51985 [HEALTH] 8208572 550
51991 [POSITION] 66948 88 92 130
51991 [HEALTH] 66948 550
52041 [POSITION] 15828318 176 154 130
52041 [HEALTH] 15828318 550
52165 [POSITION] 15958235 176 154 130
52165 [HEALTH] 15958235 550
52419 [POSITION] 5522783 88 92 130
52419 [HEALTH] 5522783 300
52425 [POSITION] 14320723 160 156 130
52425 [HEALTH] 14320723 300
52451 [POSITION] 13436375 176 156 130
52451 [HEALTH] 13436375 300
52457 [POSITION] 13256032 76 96 130
52457 [HEALTH] 13256032 300
52459 [POSITION] 6686160 152 172 130
52459 [HEALTH] 6686160 300
52483 [POSITION] 4130259 98 80 130
52483 [HEALTH] 4130259 300
52515 [POSITION] 10880158 88 92 130
52515 [HEALTH] 10880158 550
52529 [POSITION] 5146053 160 156 130
52529 [HEALTH] 5146053 550
52581 [POSITION] 8127514 176 156 130
52581 [HEALTH] 8127514 550
52593 [POSITION] 3196289 76 96 130
52593 [HEALTH] 3196289 550
52597 [POSITION] 2360765 152 172 130
52597 [HEALTH] 2360765 550
52613 [POSITION] 2031848 88 92 130
52613 [HEALTH] 2031848 550
52633 [POSITION] 11764676 158 156 130
52633 [HEALTH] 11764676 550
52643 [POSITION] 10044652 98 78 130
52643 [HEALTH] 10044652 550
52709 [POSITION] 1425646 88 92 130
52709 [HEALTH] 1425646 550
52711 [POSITION] 12879281 176 156 130
52711 [HEALTH] 12879281 550
52729 [POSITION] 2639155 76 96 130
52729 [HEALTH] 2639155 550
52735 [POSITION] 9307374 152 172 130
52735 [HEALTH] 9307374 550
52737 [POSITION] 361711 158 154 130
52737 [HEALTH] 361711 550
52805 [POSITION] 7815745 98 80 130
52805 [HEALTH] 7815745 550
52807 [POSITION] 11601265 88 92 130
52807 [HEALTH] 11601265 550
52841 [POSITION] 13993148 160 154 130
52841 [HEALTH] 13993148 550
52841 [POSITION] 4687221 176 156 130
52841 [HEALTH] 4687221 550
52865 [POSITION] 11961767 74 96 130
52865 [HEALTH] 11961767 550
52873 [POSITION] 14648369 152 172 130
52873 [HEALTH] 14648369 550
52965 [POSITION] 5357793 98 80 130
52965 [HEALTH] 5357793 550
52971 [POSITION] 6291881 176 156 130
52971 [HEALTH] 6291881 550
53001 [POSITION] 5833865 74 96 130
53001 [HEALTH] 5833865 550
53011 [POSITION] 16318694 152 172 130
53011 [HEALTH] 16318694 550
53127 [POSITION] 3933375 98 80 130
53127 [HEALTH] 3933375 550
53319 [POSITION] 11355380 88 92 130
53319 [HEALTH] 11355380 300
53335 [POSITION] 935157 176 156 130
53335 [HEALTH] 935157 300
53341 [POSITION] 15697192 98 80 130
53341 [HEALTH] 15697192 300
53353 [POSITION] 9683129 152 172 130
53353 [HEALTH] 9683129 300
53359 [POSITION] 13567254 76 96 130
53359 [HEALTH] 13567254 300
53379 [POSITION] 11617432 160 156 130
53379 [HEALTH] 11617432 300
53417 [POSITION] 15336540 88 92 130
53417 [HEALTH] 15336540 550
53447 [POSITION] 984353 176 156 130
53447 [HEALTH] 984353 550
53461 [POSITION] 2261419 98 80 130
53461 [HEALTH] 2261419 550
53483 [POSITION] 5031012 152 172 130
53483 [HEALTH] 5031012 550
53495 [POSITION] 1328221 76 96 130
53495 [HEALTH] 1328221 550
53513 [POSITION] 7112001 88 92 130
53513 [HEALTH] 7112001 550
53535 [POSITION] 11732312 158 154 130
53535 [HEALTH] 11732312 550
53559 [POSITION] 15172725 176 156 130
53559 [HEALTH] 15172725 550
53579 [POSITION] 12387601 98 78 130
53579 [HEALTH] 12387601 550
53611 [POSITION] 15090841 88 92 130
53611 [HEALTH] 15090841 550
53613 [POSITION] 16548970 152 172 130
53613 [HEALTH] 16548970 550
53631 [POSITION] 12649693 74 96 130
53631 [HEALTH] 12649693 550
53671 [POSITION] 7963775 176 156 130
53671 [HEALTH] 7963775 550
53691 [POSITION] 3294499 160 154 130
53691 [HEALTH] 3294499 550
53699 [POSITION] 8963455 98 80 130
53699 [HEALTH] 8963455 550
53707 [POSITION] 3392986 88 92 130
53707 [HEALTH] 3392986 550
53743 [POSITION] 4933065 152 172 130
53743 [HEALTH] 4933065 550
53767 [POSITION] 4867186 76 96 130
53767 [HEALTH] 4867186 550
53783 [POSITION] 5096890 176 156 130
53783 [HEALTH] 5096890 550
53817 [POSITION] 2802627 98 78 130
53817 [HEALTH] 2802627 550
53847 [POSITION] 6784011 160 156 130
53847 [HEALTH] 6784011 550
53873 [POSITION] 11403517 152 172 130
53873 [HEALTH] 11403517 550
53903 [POSITION] 12518803 76 96 130
53903 [HEALTH] 12518803 550
54003 [POSITION] 13206803 158 156 130
54003 [HEALTH] 13206803 550
54225 [POSITION] 2901048 160 156 130
54225 [HEALTH] 2901048 300
54233 [POSITION] 3327205 88 92 130
54233 [HEALTH] 3327205 300
54249 [POSITION] 771342 76 96 130
54249 [HEALTH] 771342 300
54259 [POSITION] 10454491 152 172 130
54259 [HEALTH] 10454491 300
54281 [POSITION] 8782723 98 80 130
54281 [HEALTH] 8782723 300
54287 [POSITION] 14664766 176 156 130
54287 [HEALTH] 14664766 300
54329 [POSITION] 3245150 158 154 130
54329 [HEALTH] 3245150 550
54343 [POSITION] 13567071 88 92 130
54343 [HEALTH] 13567071 550
54375 [POSITION] 8389760 76 96 130
54375 [HEALTH] 8389760 550
54397 [POSITION] 13173165 152 172 130
54397 [HEALTH] 13173165 550
54431 [POSITION] 15959532 160 154 130
54431 [HEALTH] 15959532 550
54441 [POSITION] 10044750 98 78 130
54441 [HEALTH] 10044750 550
54451 [POSITION] 4980934 176 156 130
54451 [HEALTH] 4980934 550
54453 [POSITION] 10978764 88 92 130
54453 [HEALTH] 10978764 550
54501 [POSITION] 7816448 74 96 130
54501 [HEALTH] 7816448 550
54533 [POSITION] 1770788 152 172 130
54533 [HEALTH] 1770788 550
54535 [POSITION] 1164615 158 156 130
54535 [HEALTH] 1164615 550
54563 [POSITION] 8667335 88 92 130
54563 [HEALTH] 8667335 550
54599 [POSITION] 9225696 98 80 130
54599 [HEALTH] 9225696 550
54615 [POSITION] 6374427 176 156 130
54615 [HEALTH] 6374427 550
54627 [POSITION] 11814243 76 96 130
54627 [HEALTH] 11814243 550
54637 [POSITION] 7897514 160 156 130
54637 [HEALTH] 7897514 550
54671 [POSITION] 5948903 152 172 130
54671 [HEALTH] 5948903 550
54673 [POSITION] 2278428 88 92 130
54673 [HEALTH] 2278428 550
54753 [POSITION] 12944681 76 96 130
54753 [HEALTH] 12944681 550
54759 [POSITION] 443754 98 80 130
54759 [HEALTH] 443754 550
54779 [POSITION] 10585441 176 156 130
54779 [HEALTH] 10585441 550
54807 [POSITION] 11453474 152 172 130
54807 [HEALTH] 11453474 550
54917 [POSITION] 9306899 98 78 130
54917 [HEALTH] 9306899 550
54943 [POSITION] 5358806 176 156 130
54943 [HEALTH] 5358806 550
55137 [POSITION] 1230133 176 156 130
55137 [HEALTH] 1230133 300
55149 [POSITION] 16516600 98 80 130
55149 [HEALTH] 16516600 300
55165 [POSITION] 6882305 160 156 130
55165 [HEALTH] 6882305 300
55167 [POSITION] 5178758 152 172 130
55167 [HEALTH] 5178758 300
55179 [POSITION] 8979014 88 92 130
55179 [HEALTH] 8979014 300
55183 [POSITION] 16418276 76 96 130
55183 [HEALTH] 16418276 300
55251 [POSITION] 6358295 176 156 130
55251 [HEALTH] 6358295 550
55277 [POSITION] 6341912 98 78 130
55277 [HEALTH] 6341912 550
55309 [POSITION] 198098 158 154 130
55309 [HEALTH] 198098 550
55311 [POSITION] 8520261 152 172 130
55311 [HEALTH] 8520261 550
55337 [POSITION] 13698220 88 92 130
55337 [HEALTH] 13698220 550
55345 [POSITION] 15123655 76 96 130
55345 [HEALTH] 15123655 550
55365 [POSITION] 13043151 176 156 130
55365 [HEALTH] 13043151 550
55403 [POSITION] 12698631 98 78 130
55403 [HEALTH] 12698631 550
55451 [POSITION] 13583814 158 156 130
55451 [HEALTH] 13583814 550
55455 [POSITION] 2917477 152 172 130
55455 [HEALTH] 2917477 550
55479 [POSITION] 10060025 176 156 130
55479 [HEALTH] 10060025 550
55493 [POSITION] 14501359 88 92 130
55493 [HEALTH] 14501359 550
55505 [POSITION] 7914526 76 96 130
55505 [HEALTH] 7914526 550
55531 [POSITION] 6816894 98 80 130
55531 [HEALTH] 6816894 550
55593 [POSITION] 15877530 176 156 130
55593 [HEALTH] 15877530 550
55595 [POSITION] 4752764 160 156 130
55595 [HEALTH] 4752764 550
55599 [POSITION] 11109582 152 172 130
55599 [HEALTH] 11109582 550
55651 [POSITION] 15680565 88 92 130
55651 [HEALTH] 15680565 550
55657 [POSITION] 14452195 98 80 130
55657 [HEALTH] 14452195 550
55667 [POSITION] 15974619 74 96 130
55667 [HEALTH] 15974619 550
55737 [POSITION] 7832129 160 154 130
55737 [HEALTH] 7832129 550
55743 [POSITION] 5374177 152 172 130
55743 [HEALTH] 5374177 550
55807 [POSITION] 15286498 88 92 130
55807 [HEALTH] 15286498 550
55827 [POSITION] 16467315 76 96 130
55827 [HEALTH] 16467315 550
56015 [POSITION] 16614801 76 96 130
56015 [HEALTH] 16614801 300
56041 [POSITION] 11912416 98 80 130
56041 [HEALTH] 11912416 300
56043 [POSITION] 1557863 152 172 130
56043 [HEALTH] 1557863 300
56051 [POSITION] 312680 160 156 130
56051 [HEALTH] 312680 300
56065 [POSITION] 4686896 176 156 130
56065 [HEALTH] 4686896 300
56085 [POSITION] 12436791 88 92 130
56085 [HEALTH] 12436791 300
56109 [POSITION] 1377332 76 96 130
56109 [HEALTH] 1377332 550
56161 [POSITION] 1181059 98 80 130
56161 [HEALTH] 1181059 550
56163 [POSITION] 13976908 152 172 130
56163 [HEALTH] 13976908 550
56181 [POSITION] 10830982 160 156 130
56181 [HEALTH] 10830982 550
56201 [POSITION] 15779182 76 96 130
56201 [HEALTH] 15779182 550
56209 [POSITION] 5653681 176 156 130
56209 [HEALTH] 5653681 550
56247 [POSITION] 11617649 88 92 130
56247 [HEALTH] 11617649 550
56279 [POSITION] 13157479 98 80 130
56279 [HEALTH] 13157479 550
56283 [POSITION] 2753640 152 172 130
56283 [HEALTH] 2753640 550
56295 [POSITION] 1819648 74 96 130
56295 [HEALTH] 1819648 550
56309 [POSITION] 5047396 158 154 130
56309 [HEALTH] 5047396 550
56351 [POSITION] 11419901 176 156 130
56351 [HEALTH] 11419901 550
56387 [POSITION] 2672127 76 96 130
56387 [HEALTH] 2672127 550
56399 [POSITION] 4538618 98 80 130
56399 [HEALTH] 4538618 550
56403 [POSITION] 7603090 152 172 130
56403 [HEALTH] 7603090 550
56409 [POSITION] 16565354 88 92 130
56409 [HEALTH] 16565354 550
56439 [POSITION] 6800395 160 154 130
56439 [HEALTH] 6800395 550
56495 [POSITION] 7128385 176 156 130
56495 [HEALTH] 7128385 550
56517 [POSITION] 328900 98 78 130
56517 [HEALTH] 328900 550
56523 [POSITION] 16631233 152 172 130
56523 [HEALTH] 16631233 550
56567 [POSITION] 9798427 158 156 130
56567 [HEALTH] 9798427 550
56571 [POSITION] 12404140 88 92 130
56571 [HEALTH] 12404140 550
56637 [POSITION] 10667172 176 154 130
56637 [HEALTH] 10667172 550
56733 [POSITION] 14532850 88 92 130
56733 [HEALTH] 14532850 550
56931 [POSITION] 1328192 98 80 130
56931 [HEALTH] 1328192 300
56937 [POSITION] 1197058 160 156 130
56937 [HEALTH] 1197058 300
56943 [POSITION] 11026680 88 92 130
56943 [HEALTH] 11026680 300
56947 [POSITION] 13354449 176 156 130
56947 [HEALTH] 13354449 300
56953 [POSITION] 5260134 152 172 130
56953 [HEALTH] 5260134 300
56963 [POSITION] 1524877 76 96 130
56963 [HEALTH] 1524877 300
57041 [POSITION] 16401473 98 80 130
57041 [HEALTH] 16401473 550
57051 [POSITION] 4063486 160 154 130
57051 [HEALTH] 4063486 550
57065 [POSITION] 11126105 88 92 130
57065 [HEALTH] 11126105 550
57071 [POSITION] 1541058 176 156 130
57071 [HEALTH] 1541058 550
57083 [POSITION] 4703605 152 172 130
57083 [HEALTH] 4703605 550
57105 [POSITION] 12469262 76 96 130
57105 [HEALTH] 12469262 550
57149 [POSITION] 5785035 98 80 130
57149 [HEALTH] 5785035 550
57165 [POSITION] 2655539 158 156 130
57165 [HEALTH] 2655539 550
57185 [POSITION] 14024956 88 92 130
57185 [HEALTH] 14024956 550
57195 [POSITION] 3409370 176 156 130
57195 [HEALTH] 3409370 550
57213 [POSITION] 6308265 152 172 130
57213 [HEALTH] 6308265 550
57245 [POSITION] 15352924 74 96 130
57245 [HEALTH] 15352924 550
57259 [POSITION] 13944219 98 78 130
57259 [HEALTH] 13944219 550
57279 [POSITION] 525388 160 156 130
57279 [HEALTH] 525388 550
57307 [POSITION] 9863383 88 92 130
57307 [HEALTH] 9863383 550
57319 [POSITION] 4965507 176 156 130
57319 [HEALTH] 4965507 550
57343 [POSITION] 7488799 152 172 130
57343 [HEALTH] 7488799 550
57367 [POSITION] 7751005 98 78 130
57367 [HEALTH] 7751005 550
57387 [POSITION] 14385948 76 96 130
57387 [HEALTH] 14385948 550
57393 [POSITION] 7062668 160 156 130
57393 [HEALTH] 7062668 550
57427 [POSITION] 6702458 88 92 130
57427 [HEALTH] 6702458 550
57443 [POSITION] 3769348 176 156 130
57443 [HEALTH] 3769348 550
57473 [POSITION] 5817571 152 172 130
57473 [HEALTH] 5817571 550
57527 [POSITION] 12961065 76 96 130
57527 [HEALTH] 12961065 550
57817 [POSITION] 11339002 176 156 130
57817 [HEALTH] 11339002 300
57833 [POSITION] 2163819 88 92 130
57833 [HEALTH] 2163819 300
57835 [POSITION] 8766572 160 156 130
57835 [HEALTH] 8766572 300
57853 [POSITION] 1033448 152 172 130
57853 [HEALTH] 1033448 300
57857 [POSITION] 7913898 98 80 130
57857 [HEALTH] 7913898 300
57871 [POSITION] 9224429 76 96 130
57871 [HEALTH] 9224429 300
57909 [POSITION] 8406144 176 156 130
57909 [HEALTH] 8406144 550
57943 [POSITION] 14681150 88 92 130
57943 [HEALTH] 14681150 550
57945 [POSITION] 14910561 160 154 130
57945 [HEALTH] 14910561 550
57981 [POSITION] 6456361 152 172 130
57981 [HEALTH] 6456361 550
57989 [POSITION] 13518082 98 80 130
57989 [HEALTH] 13518082 550
58003 [POSITION] 3278310 176 156 130
58003 [HEALTH] 3278310 550
58019 [POSITION] 3752119 74 96 130
58019 [HEALTH] 3752119 550
58053 [POSITION] 9798754 88 92 130
58053 [HEALTH] 9798754 550
58057 [POSITION] 9569379 160 156 130
58057 [HEALTH] 9569379 550
58095 [POSITION] 5785017 176 156 130
58095 [HEALTH] 5785017 550
58111 [POSITION] 14763078 152 172 130
58111 [HEALTH] 14763078 550
58123 [POSITION] 12829801 98 80 130
58123 [HEALTH] 12829801 550
58163 [POSITION] 16286991 88 92 130
58163 [HEALTH] 16286991 550
58167 [POSITION] 6833499 76 96 130
58167 [HEALTH] 6833499 550
58167 [POSITION] 11765160 158 156 130
58167 [HEALTH] 11765160 550
58189 [POSITION] 917934 176 156 130
58189 [HEALTH] 917934 550
58239 [POSITION] 2294820 152 172 130
58239 [HEALTH] 2294820 550
58255 [POSITION] 2638617 98 80 130
58255 [HEALTH] 2638617 550
58273 [POSITION] 15253691 88 92 130
58273 [HEALTH] 15253691 550
58279 [POSITION] 5064118 160 154 130
58279 [HEALTH] 5064118 550
58315 [POSITION] 15795091 76 96 130
58315 [HEALTH] 15795091 550
58369 [POSITION] 11519352 152 172 130
58369 [HEALTH] 11519352 550
58389 [POSITION] 1393727 98 78 130
58389 [HEALTH] 1393727 550
58463 [POSITION] 13813072 74 96 130
58463 [HEALTH] 13813072 550
58715 [POSITION] 15975916 176 156 130
58715 [HEALTH] 15975916 300
58721 [POSITION] 12780858 88 92 130
58721 [HEALTH] 12780858 300
58735 [POSITION] 4244795 76 96 130
58735 [HEALTH] 4244795 300
58753 [POSITION] 14255113 98 80 130
58753 [HEALTH] 14255113 300
58777 [POSITION] 2917432 152 172 130
58777 [HEALTH] 2917432 300
58781 [POSITION] 9143594 160 156 130
58781 [HEALTH] 9143594 300
58805 [POSITION] 6128943 176 156 130
58805 [HEALTH] 6128943 550
58817 [POSITION] 10159293 88 92 130
58817 [HEALTH] 10159293 550
58845 [POSITION] 7848513 76 96 130
58845 [HEALTH] 7848513 550
58883 [POSITION] 3752846 98 78 130
58883 [HEALTH] 3752846 550
58897 [POSITION] 8996223 176 156 130
58897 [HEALTH] 8996223 550
58915 [POSITION] 7193813 88 92 130
58915 [HEALTH] 7193813 550
58931 [POSITION] 6554711 152 172 130
58931 [HEALTH] 6554711 550
58937 [POSITION] 7488600 158 156 130
58937 [HEALTH] 7488600 550
58957 [POSITION] 3196058 76 96 130
58957 [HEALTH] 3196058 550
58987 [POSITION] 11109879 176 156 130
58987 [HEALTH] 11109879 550
59011 [POSITION] 3589494 88 92 130
59011 [HEALTH] 3589494 550
59013 [POSITION] 5144819 98 80 130
59013 [HEALTH] 5144819 550
59067 [POSITION] 378365 74 96 130
59067 [HEALTH] 378365 550
59079 [POSITION] 10912926 176 154 130
59079 [HEALTH] 10912926 550
59085 [POSITION] 11846740 152 172 130
59085 [HEALTH] 11846740 550
59095 [POSITION] 6489145 158 154 130
59095 [HEALTH] 6489145 550
59109 [POSITION] 12469405 88 92 130
59109 [HEALTH] 12469405 550
59143 [POSITION] 394479 98 80 130
59143 [HEALTH] 394479 550
59179 [POSITION] 6095968 74 96 130
59179 [HEALTH] 6095968 550
59239 [POSITION] 8159817 152 172 130
59239 [HEALTH] 8159817 550
59251 [POSITION] 16351462 160 156 130
59251 [HEALTH] 16351462 550
59273 [POSITION] 11797444 98 80 130
59273 [HEALTH] 11797444 550
59393 [POSITION] 4981891 152 172 130
59393 [HEALTH] 4981891 550
59409 [POSITION] 3785732 160 154 130
59409 [HEALTH] 3785732 550
59625 [POSITION] 3900859 152 172 130
59625 [HEALTH] 3900859 300
59629 [POSITION] 967925 88 92 130
59629 [HEALTH] 967925 300
59653 [POSITION] 15205493 160 156 130
59653 [HEALTH] 15205493 300
59663 [POSITION] 11388148 98 80 130
59663 [HEALTH] 11388148 300
59675 [POSITION] 1017121 76 96 130
59675 [HEALTH] 1017121 300
59687 [POSITION] 5981671 176 156 130
59687 [HEALTH] 5981671 300
59725 [POSITION] 15123609 152 172 130
59725 [HEALTH] 15123609 550
59735 [POSITION] 6014324 88 92 130
59735 [HEALTH] 6014324 550
59783 [POSITION] 10502665 160 156 130
59783 [HEALTH] 10502665 550
59803 [POSITION] 1279362 98 78 130
59803 [HEALTH] 1279362 550
59827 [POSITION] 9651212 76 96 130
59827 [HEALTH] 9651212 550
59827 [POSITION] 1360989 152 172 130
59827 [HEALTH] 1360989 550
59841 [POSITION] 13370833 88 92 130
59841 [HEALTH] 13370833 550
59849 [POSITION] 3343773 176 156 130
59849 [HEALTH] 3343773 550
59913 [POSITION] 12551571 158 156 130
59913 [HEALTH] 12551571 550
59927 [POSITION] 13599839 152 172 130
59927 [HEALTH] 13599839 550
59943 [POSITION] 4899954 98 80 130
59943 [HEALTH] 4899954 550
59947 [POSITION] 984306 88 92 130
59947 [HEALTH] 984306 550
59979 [POSITION] 16237317 74 96 130
59979 [HEALTH] 16237317 550
60013 [POSITION] 12092684 176 156 130
60013 [HEALTH] 12092684 550
60029 [POSITION] 5554385 152 172 130
60029 [HEALTH] 5554385 550
60043 [POSITION] 2475131 160 154 130
60043 [HEALTH] 2475131 550
60053 [POSITION] 15500412 88 92 130
60053 [HEALTH] 15500412 550
60083 [POSITION] 8209638 98 80 130
60083 [HEALTH] 8209638 550
60131 [POSITION] 8553497 76 96 130
60131 [HEALTH] 8553497 550
60173 [POSITION] 5113027 158 154 130
60173 [HEALTH] 5113027 550
60175 [POSITION] 16647394 176 156 130
60175 [HEALTH] 16647394 550
60223 [POSITION] 9029014 98 78 130
60223 [HEALTH] 9029014 550
60283 [POSITION] 12060070 74 96 130
60283 [HEALTH] 12060070 550
60339 [POSITION] 8799381 176 156 130
60339 [HEALTH] 8799381 550
60645 [POSITION] 11699409 158 156 130
60645 [HEALTH] 11699409 300
60649 [POSITION] 3720347 152 172 130
60649 [HEALTH] 3720347 300
60669 [POSITION] 1770829 76 96 130
60669 [HEALTH] 1770829 300
60679 [POSITION] 1049832 176 156 130
60679 [HEALTH] 1049832 300
60685 [POSITION] 9815138 88 92 130
60685 [HEALTH] 9815138 300
60687 [POSITION] 14910710 98 80 130
60687 [HEALTH] 14910710 300
60757 [POSITION] 2180203 158 156 130
60757 [HEALTH] 2180203 550
60763 [POSITION] 1573826 152 172 130
60763 [HEALTH] 1573826 550
60793 [POSITION] 3442138 76 96 130
60793 [HEALTH] 3442138 550
60807 [POSITION] 344297 176 154 130
60807 [HEALTH] 344297 550
60817 [POSITION] 15483935 88 92 130
60817 [HEALTH] 15483935 550
60819 [POSITION] 4261352 100 80 130
60819 [HEALTH] 4261352 550
60867 [POSITION] 1344896 158 154 130
60867 [HEALTH] 1344896 550
60875 [POSITION] 6374802 152 172 130
60875 [HEALTH] 6374802 550
60915 [POSITION] 11617700 74 96 130
60915 [HEALTH] 11617700 550
60935 [POSITION] 2917686 176 154 130
60935 [HEALTH] 2917686 550
60947 [POSITION] 15238254 88 92 130
60947 [HEALTH] 15238254 550
60951 [POSITION] 14812271 98 80 130
60951 [HEALTH] 14812271 550
60979 [POSITION] 3458494 160 154 130
60979 [HEALTH] 3458494 550
60989 [POSITION] 15205586 152 172 130
60989 [HEALTH] 15205586 550
61039 [POSITION] 1017043 76 96 130
61039 [HEALTH] 1017043 550
61063 [POSITION] 4588811 176 156 130
61063 [HEALTH] 4588811 550
61079 [POSITION] 13616406 88 92 130
61079 [HEALTH] 13616406 550
61083 [POSITION] 5948702 98 80 130
61083 [HEALTH] 5948702 550
61089 [POSITION] 15271243 160 156 130
61089 [HEALTH] 15271243 550
61101 [POSITION] 14697534 152 172 130
61101 [HEALTH] 14697534 550
61161 [POSITION] 13616214 74 96 130
61161 [HEALTH] 13616214 550
61191 [POSITION] 7685408 176 156 130
61191 [HEALTH] 7685408 550
61209 [POSITION] 2000228 88 92 130
61209 [HEALTH] 2000228 550
61215 [POSITION] 2311204 98 78 130
61215 [HEALTH] 2311204 550
61443 [POSITION] 820572 152 172 130
61443 [HEALTH] 820572 300
61455 [POSITION] 16451044 76 96 130
61455 [HEALTH] 16451044 300
61471 [POSITION] 2081000 176 156 130
61471 [HEALTH] 2081000 300
61471 [POSITION] 13075919 160 156 130
61471 [HEALTH] 13075919 300
61475 [POSITION] 14353564 88 92 130
61475 [HEALTH] 14353564 300
61483 [POSITION] 13616582 98 80 130
61483 [HEALTH] 13616582 300
61561 [POSITION] 476522 152 172 130
61561 [HEALTH] 476522 550
61587 [POSITION] 16500083 74 96 130
61587 [HEALTH] 16500083 550
61615 [POSITION] 5178252 176 156 130
61615 [HEALTH] 5178252 550
61617 [POSITION] 607290 158 154 130
61617 [HEALTH] 607290 550
61623 [POSITION] 15910298 88 92 130
61623 [HEALTH] 15910298 550
61643 [POSITION] 3179843 98 80 130
61643 [HEALTH] 3179843 550
61679 [POSITION] 15156423 152 172 130
61679 [HEALTH] 15156423 550
61717 [POSITION] 9732281 76 96 130
61717 [HEALTH] 9732281 550
61761 [POSITION] 16598122 176 156 130
61761 [HEALTH] 16598122 550
61763 [POSITION] 12469559 160 154 130
61763 [HEALTH] 12469559 550
61773 [POSITION] 10487259 88 92 130
61773 [HEALTH] 10487259 550
61797 [POSITION] 10732722 152 172 130
61797 [HEALTH] 10732722 550
61801 [POSITION] 11650417 98 78 130
61801 [HEALTH] 11650417 550
61847 [POSITION] 10699940 76 96 130
61847 [HEALTH] 10699940 550
61905 [POSITION] 9356051 176 156 130
61905 [HEALTH] 9356051 550
61909 [POSITION] 6931598 160 156 130
61909 [HEALTH] 6931598 550
61915 [POSITION] 11452669 152 172 130
61915 [HEALTH] 11452669 550
61921 [POSITION] 4293642 88 92 130
61921 [HEALTH] 4293642 550
61959 [POSITION] 4801900 98 78 130
61959 [HEALTH] 4801900 550
61977 [POSITION] 15811950 76 96 130
61977 [HEALTH] 15811950 550
62051 [POSITION] 755193 176 156 130
62051 [HEALTH] 755193 550
62055 [POSITION] 3015722 158 156 130
62055 [HEALTH] 3015722 550
62071 [POSITION] 5211208 88 92 130
62071 [HEALTH] 5211208 550
62117 [POSITION] 3802116 98 80 130
62117 [HEALTH] 3802116 550
62317 [POSITION] 2933816 98 80 130
62317 [HEALTH] 2933816 300
62329 [POSITION] 5161203 76 96 130
62329 [HEALTH] 5161203 300
62339 [POSITION] 9389360 160 156 130
62339 [HEALTH] 9389360 300
62353 [POSITION] 6948104 88 92 130
62353 [HEALTH] 6948104 300
62359 [POSITION] 3769230 152 172 130
62359 [HEALTH] 3769230 300
62367 [POSITION] 6259842 176 156 130
62367 [HEALTH] 6259842 300
62413 [POSITION] 5080164 98 80 130
62413 [HEALTH] 5080164 550
62435 [POSITION] 7963773 76 96 130
62435 [HEALTH] 7963773 550
62455 [POSITION] 345448 160 156 130
62455 [HEALTH] 345448 550
62485 [POSITION] 2999456 88 92 130
62485 [HEALTH] 2999456 550
62497 [POSITION] 8012927 152 172 130
62497 [HEALTH] 8012927 550
62509 [POSITION] 12698845 98 78 130
62509 [HEALTH] 12698845 550
62513 [POSITION] 2196493 176 156 130
62513 [HEALTH] 2196493 550
62543 [POSITION] 11813828 76 96 130
62543 [HEALTH] 11813828 550
62573 [POSITION] 14271812 160 156 130
62573 [HEALTH] 14271812 550
62605 [POSITION] 12797242 98 80 130
62605 [HEALTH] 12797242 550
62617 [POSITION] 12485789 88 92 130
62617 [HEALTH] 12485789 550
62635 [POSITION] 14271497 152 172 130
62635 [HEALTH] 14271497 550
62649 [POSITION] 9045179 74 96 130
62649 [HEALTH] 9045179 550
62659 [POSITION] 4965138 176 156 130
62659 [HEALTH] 4965138 550
62689 [POSITION] 9028613 158 154 130
62689 [HEALTH] 9028613 550
62701 [POSITION] 12600365 98 80 130
62701 [HEALTH] 12600365 550
62749 [POSITION] 2409909 88 92 130
62749 [HEALTH] 2409909 550
62757 [POSITION] 197405 76 96 130
62757 [HEALTH] 197405 550
62773 [POSITION] 2884855 152 172 130
62773 [HEALTH] 2884855 550
62805 [POSITION] 7210197 176 156 130
62805 [HEALTH] 7210197 550
62807 [POSITION] 12928184 158 156 130
62807 [HEALTH] 12928184 550
62881 [POSITION] 525820 88 92 130
62881 [HEALTH] 525820 550
62911 [POSITION] 5570769 152 172 130
62911 [HEALTH] 5570769 550
62951 [POSITION] 11158873 176 154 130
62951 [HEALTH] 11158873 550
63211 [POSITION] 16155708 88 92 130
63211 [HEALTH] 16155708 300
63211 [POSITION] 12289463 160 156 130
63211 [HEALTH] 12289463 300
63227 [POSITION] 16237887 76 96 130
63227 [HEALTH] 16237887 300
63265 [POSITION] 10519049 98 80 130
63265 [HEALTH] 10519049 300
63265 [POSITION] 5129411 176 156 130
63265 [HEALTH] 5129411 300
63271 [POSITION] 9979255 152 172 130
63271 [HEALTH] 9979255 300
63305 [POSITION] 934318 160 154 130
63305 [HEALTH] 934318 550
63305 [POSITION] 6112352 88 92 130
63305 [HEALTH] 6112352 550
63337 [POSITION] 14139914 76 96 130
63337 [HEALTH] 14139914 550
63397 [POSITION] 13976987 88 92 130
63397 [HEALTH] 13976987 550
63397 [POSITION] 5096886 158 156 130
63397 [HEALTH] 5096886 550
63411 [POSITION] 11519216 98 80 130
63411 [HEALTH] 11519216 550
63413 [POSITION] 4916338 176 156 130
63413 [HEALTH] 4916338 550
63425 [POSITION] 5768247 152 172 130
63425 [HEALTH] 5768247 550
63445 [POSITION] 4916623 76 96 130
63445 [HEALTH] 4916623 550
63491 [POSITION] 11945184 88 92 130
63491 [HEALTH] 11945184 550
63491 [POSITION] 7521567 160 156 130
63491 [HEALTH] 7521567 550
63555 [POSITION] 361668 74 96 130
63555 [HEALTH] 361668 550
63557 [POSITION] 14991567 98 80 130
63557 [HEALTH] 14991567 550
63559 [POSITION] 5571935 176 156 130
63559 [HEALTH] 5571935 550
63577 [POSITION] 14057724 152 172 130
63577 [HEALTH] 14057724 550
63583 [POSITION] 7635858 158 154 130
63583 [HEALTH] 7635858 550
63583 [POSITION] 5850339 88 92 130
63583 [HEALTH] 5850339 550
63663 [POSITION] 6145327 74 96 130
63663 [HEALTH] 6145327 550
63703 [POSITION] 2327588 98 80 130
63703 [HEALTH] 2327588 550
63707 [POSITION] 1590210 176 156 130
63707 [HEALTH] 1590210 550
63731 [POSITION] 3736731 152 172 130
63731 [HEALTH] 3736731 550
63849 [POSITION] 14927094 98 78 130
63849 [HEALTH] 14927094 550
63853 [POSITION] 5702833 176 156 130
63853 [HEALTH] 5702833 550
63883 [POSITION] 6735226 152 172 130
63883 [HEALTH] 6735226 550
64127 [POSITION] 16336324 98 80 130
64127 [HEALTH] 16336324 300
64151 [POSITION] 11076777 88 92 130
64151 [HEALTH] 11076777 300
64155 [POSITION] 8078530 76 96 130
64155 [HEALTH] 8078530 300
64157 [POSITION] 6439963 152 172 130
64157 [HEALTH] 6439963 300
64173 [POSITION] 15893510 176 156 130
64173 [HEALTH] 15893510 300
64179 [POSITION] 8815765 160 156 130
64179 [HEALTH] 8815765 300
64237 [POSITION] 7521368 98 80 130
64237 [HEALTH] 7521368 550
64287 [POSITION] 5424342 88 92 130
64287 [HEALTH] 5424342 550
64295 [POSITION] 9176362 76 96 130
64295 [HEALTH] 9176362 550
64299 [POSITION] 6521913 152 172 130
64299 [HEALTH] 6521913 550
64329 [POSITION] 3261656 176 156 130
64329 [HEALTH] 3261656 550
64341 [POSITION] 13845840 158 154 130
64341 [HEALTH] 13845840 550
64349 [POSITION] 4818284 98 78 130
64349 [HEALTH] 4818284 550
64423 [POSITION] 2196587 88 92 130
64423 [HEALTH] 2196587 550
64435 [POSITION] 15992300 76 96 130
64435 [HEALTH] 15992300 550
64441 [POSITION] 11126263 152 172 130
64441 [HEALTH] 11126263 550
64459 [POSITION] 1066216 98 80 130
64459 [HEALTH] 1066216 550
64487 [POSITION] 11355386 176 156 130
64487 [HEALTH] 11355386 550
64505 [POSITION] 5998055 160 156 130
64505 [HEALTH] 5998055 550
64559 [POSITION] 4605195 88 92 130
64559 [HEALTH] 4605195 550
64571 [POSITION] 7488962 98 80 130
64571 [HEALTH] 7488962 550
64575 [POSITION] 8848413 74 96 130
64575 [HEALTH] 8848413 550
64583 [POSITION] 1869102 152 172 130
64583 [HEALTH] 1869102 550
64643 [POSITION] 14369948 176 156 130
64643 [HEALTH] 14369948 550
64667 [POSITION] 9142852 160 156 130
64667 [HEALTH] 9142852 550
64695 [POSITION] 1361280 88 92 130
64695 [HEALTH] 1361280 550
64715 [POSITION] 11945220 74 96 130
64715 [HEALTH] 11945220 550
64725 [POSITION] 1033427 152 172 130
64725 [HEALTH] 1033427 550
64801 [POSITION] 2868422 176 156 130
64801 [HEALTH] 2868422 550
64831 [POSITION] 6849662 158 156 130
64831 [HEALTH] 6849662 550
65041 [POSITION] 10503368 98 80 130
65041 [HEALTH] 10503368 300
65059 [POSITION] 3196227 176 156 130
65059 [HEALTH] 3196227 300
65067 [POSITION] 116100 88 92 130
65067 [HEALTH] 116100 300
65069 [POSITION] 3277918 160 156 130
65069 [HEALTH] 3277918 300
65075 [POSITION] 16614506 76 96 130
65075 [HEALTH] 16614506 300
65075 [POSITION] 16516467 152 172 130
65075 [HEALTH] 16516467 300
65169 [POSITION] 6177877 98 80 130
65169 [HEALTH] 6177877 550
65205 [POSITION] 4179411 176 156 130
65205 [HEALTH] 4179411 550
65223 [POSITION] 11699141 88 92 130
65223 [HEALTH] 11699141 550
65225 [POSITION] 1474798 158 154 130
65225 [HEALTH] 1474798 550
65239 [POSITION] 11813451 76 96 130
65239 [HEALTH] 11813451 550
65239 [POSITION] 11666801 152 172 130
65239 [HEALTH] 11666801 550
65297 [POSITION] 9044997 98 80 130
65297 [HEALTH] 9044997 550
65351 [POSITION] 6702281 176 156 130
65351 [HEALTH] 6702281 550
65377 [POSITION] 7849216 88 92 130
65377 [HEALTH] 7849216 550
65381 [POSITION] 16565137 160 156 130
65381 [HEALTH] 16565137 550
65401 [POSITION] 14598366 76 96 130
65401 [HEALTH] 14598366 550
65401 [POSITION] 361832 152 172 130
65401 [HEALTH] 361832 550
65425 [POSITION] 11879508 98 80 130
65425 [HEALTH] 11879508 550
65497 [POSITION] 213789 176 156 130
65497 [HEALTH] 213789 550
65533 [POSITION] 2950200 88 92 130
65533 [HEALTH] 2950200 550
65537 [POSITION] 3933530 160 154 130
65537 [HEALTH] 3933530 550
65553 [POSITION] 5096548 98 78 130
65553 [HEALTH] 5096548 550
65565 [POSITION] 12616749 74 96 130
65565 [HEALTH] 12616749 550
65565 [POSITION] 460045 152 172 130
65565 [HEALTH] 460045 550
65643 [POSITION] 9061563 176 156 130
65643 [HEALTH] 9061563 550
65687 [POSITION] 3589405 88 92 130
65687 [HEALTH] 3589405 550
65693 [POSITION] 509375 160 156 130
65693 [HEALTH] 509375 550
65727 [POSITION] 6603863 152 172 130
65727 [HEALTH] 6603863 550
65727 [POSITION] 10618209 76 96 130
65727 [HEALTH] 10618209 550
65901 [POSITION] 5194636 98 80 130
65901 [HEALTH] 5194636 300
65919 [POSITION] 3229057 76 96 130
65919 [HEALTH] 3229057 300
65921 [POSITION] 13239571 152 172 130
65921 [HEALTH] 13239571 300
65943 [POSITION] 10159275 160 156 130
65943 [HEALTH] 10159275 300
65943 [POSITION] 9323739 88 92 130
65943 [HEALTH] 9323739 300
65947 [POSITION] 13271956 176 156 130
65947 [HEALTH] 13271956 300
65991 [POSITION] 2704691 98 80 130
65991 [HEALTH] 2704691 550
66027 [POSITION] 16319678 74 96 130
66027 [HEALTH] 16319678 550
66033 [POSITION] 2606155 152 172 130
66033 [HEALTH] 2606155 550
66075 [POSITION] 16581389 88 92 130
66075 [HEALTH] 16581389 550
66075 [POSITION] 6276226 160 156 130
66075 [HEALTH] 6276226 550
66083 [POSITION] 4981522 98 80 130
66083 [HEALTH] 4981522 550
66085 [POSITION] 2212877 176 156 130
66085 [HEALTH] 2212877 550
66137 [POSITION] 9257197 76 96 130
66137 [HEALTH] 9257197 550
66145 [POSITION] 4277563 152 172 130
66145 [HEALTH] 4277563 550
66173 [POSITION] 8242406 98 80 130
66173 [HEALTH] 8242406 550
66209 [POSITION] 13485171 88 92 130
66209 [HEALTH] 13485171 550
66209 [POSITION] 11421049 158 156 130
66209 [HEALTH] 11421049 550
66223 [POSITION] 4785433 176 156 130
66223 [HEALTH] 4785433 550
66245 [POSITION] 15713771 76 96 130
66245 [HEALTH] 15713771 550
66257 [POSITION] 15713514 152 172 130
66257 [HEALTH] 15713514 550
66265 [POSITION] 1606594 98 78 130
66265 [HEALTH] 1606594 550
66341 [POSITION] 16286899 158 154 130
66341 [HEALTH] 16286899 550
66341 [POSITION] 2950454 88 92 130
66341 [HEALTH] 2950454 550
66355 [POSITION] 13829313 74 96 130
66355 [HEALTH] 13829313 550
66361 [POSITION] 3982527 176 156 130
66361 [HEALTH] 3982527 550
66369 [POSITION] 5587153 152 172 130
66369 [HEALTH] 5587153 550
66475 [POSITION] 8569413 160 154 130
66475 [HEALTH] 8569413 550
66475 [POSITION] 16499893 88 92 130
66475 [HEALTH] 16499893 550
66499 [POSITION] 15107371 176 154 130
66499 [HEALTH] 15107371 550
66805 [POSITION] 6391064 98 80 130
66805 [HEALTH] 6391064 300
66829 [POSITION] 7980062 176 156 130
66829 [HEALTH] 7980062 300
66829 [POSITION] 6423831 160 156 130
66829 [HEALTH] 6423831 300
66835 [POSITION] 9291232 88 92 130
66835 [HEALTH] 9291232 300
66851 [POSITION] 7898584 76 96 130
66851 [HEALTH] 7898584 300
66861 [POSITION] 11830616 152 172 130
66861 [HEALTH] 11830616 300
66905 [POSITION] 7045544 98 78 130
66905 [HEALTH] 7045544 550
66953 [POSITION] 3261507 176 156 130
66953 [HEALTH] 3261507 550
66953 [POSITION] 5014985 158 156 130
66953 [HEALTH] 5014985 550
66965 [POSITION] 2244828 88 92 130
66965 [HEALTH] 2244828 550
66995 [POSITION] 3196147 76 96 130
66995 [HEALTH] 3196147 550
67003 [POSITION] 8815724 98 80 130
67003 [HEALTH] 8815724 550
67017 [POSITION] 16369129 152 172 130
67017 [HEALTH] 16369129 550
67075 [POSITION] 8914341 176 156 130
67075 [HEALTH] 8914341 550
67075 [POSITION] 11896256 160 154 130
67075 [HEALTH] 11896256 550
67093 [POSITION] 9044550 88 92 130
67093 [HEALTH] 9044550 550
67103 [POSITION] 13238701 98 80 130
67103 [HEALTH] 13238701 550
67139 [POSITION] 4506965 76 96 130
67139 [HEALTH] 4506965 550
67171 [POSITION] 16040155 152 172 130
67171 [HEALTH] 16040155 550
67199 [POSITION] 10650662 160 156 130
67199 [HEALTH] 10650662 550
67199 [POSITION] 7980071 176 156 130
67199 [HEALTH] 7980071 550
67201 [POSITION] 12452923 98 80 130
67201 [HEALTH] 12452923 550
67223 [POSITION] 10698986 88 92 130
67223 [HEALTH] 10698986 550
67283 [POSITION] 15107088 74 96 130
67283 [HEALTH] 15107088 550
67321 [POSITION] 2065773 176 156 130
67321 [HEALTH] 2065773 550
67321 [POSITION] 10634638 158 154 130
67321 [HEALTH] 10634638 550
67327 [POSITION] 16483812 152 172 130
67327 [HEALTH] 16483812 550
67351 [POSITION] 5113270 88 92 130
67351 [HEALTH] 5113270 550
67427 [POSITION] 11093161 76 96 130
67427 [HEALTH] 11093161 550
67481 [POSITION] 15730134 152 172 130
67481 [HEALTH] 15730134 550
67699 [POSITION] 10535433 98 80 130
67699 [HEALTH] 10535433 300
67707 [POSITION] 11977952 176 156 130
67707 [HEALTH] 11977952 300
67731 [POSITION] 9159236 88 92 130
67731 [HEALTH] 9159236 300
67737 [POSITION] 2343972 152 172 130
67737 [HEALTH] 2343972 300
67747 [POSITION] 11535600 76 96 130
67747 [HEALTH] 11535600 300
67761 [POSITION] 950702 160 156 130
67761 [HEALTH] 950702 300
67795 [POSITION] 13976620 98 80 130
67795 [HEALTH] 13976620 550
67811 [POSITION] 15007951 176 156 130
67811 [HEALTH] 15007951 550
67859 [POSITION] 8832149 88 92 130
67859 [HEALTH] 8832149 550
67869 [POSITION] 1033458 152 172 130
67869 [HEALTH] 1033458 550
67889 [POSITION] 4195795 74 96 130
67889 [HEALTH] 4195795 550
67891 [POSITION] 11191641 98 80 130
67891 [HEALTH] 11191641 550
67915 [POSITION] 11485437 176 156 130
67915 [HEALTH] 11485437 550
67919 [POSITION] 12633107 158 156 130
67919 [HEALTH] 12633107 550
67987 [POSITION] 12534798 98 80 130
67987 [HEALTH] 12534798 550
67987 [POSITION] 15418460 88 92 130
67987 [HEALTH] 15418460 550
68003 [POSITION] 13026601 152 172 130
68003 [HEALTH] 13026601 550
68019 [POSITION] 7242965 176 156 130
68019 [HEALTH] 7242965 550
68033 [POSITION] 393449 76 96 130
68033 [HEALTH] 393449 550
68077 [POSITION] 10765490 160 156 130
68077 [HEALTH] 10765490 550
68083 [POSITION] 16696381 98 78 130
68083 [HEALTH] 16696381 550
68115 [POSITION] 8553634 88 92 130
68115 [HEALTH] 8553634 550
68123 [POSITION] 443631 176 156 130
68123 [HEALTH] 443631 550
68135 [POSITION] 8619405 152 172 130
68135 [HEALTH] 8619405 550
68175 [POSITION] 13190401 76 96 130
68175 [HEALTH] 13190401 550
68235 [POSITION] 3950011 160 156 130
68235 [HEALTH] 3950011 550
68243 [POSITION] 1328514 88 92 130
68243 [HEALTH] 1328514 550
68269 [POSITION] 16467009 152 172 130
68269 [HEALTH] 16467009 550
68319 [POSITION] 13419985 74 96 130
68319 [HEALTH] 13419985 550
68393 [POSITION] 5850553 158 154 130
68393 [HEALTH] 5850553 550
68501 [POSITION] 13976574 98 80 130
68501 [HEALTH] 13976574 757
68501 [POSITION] 8602649 98 80 130
68501 [HEALTH] 8602649 757
68501 [POSITION] 12485905 98 78 130
68501 [HEALTH] 12485905 757
68501 [POSITION] 13550886 98 80 130
68501 [HEALTH] 13550886 529
68501 [POSITION] 4310504 98 80 130
68501 [HEALTH] 4310504 757
68595 [POSITION] 2507652 76 96 130
68595 [HEALTH] 2507652 300
68597 [POSITION] 4277135 160 156 130
68597 [HEALTH] 4277135 300
68621 [POSITION] 15926307 98 80 130
68621 [HEALTH] 15926307 475
68625 [POSITION] 9061416 176 156 130
68625 [HEALTH] 9061416 300
68625 [POSITION] 11896163 152 172 130
68625 [HEALTH] 11896163 300
68645 [POSITION] 4604154 88 92 130
68645 [HEALTH] 4604154 300
68689 [POSITION] 9928919 76 96 130
68689 [HEALTH] 9928919 550
68695 [POSITION] 2327397 160 154 130
68695 [HEALTH] 2327397 550
68743 [POSITION] 9143613 98 80 130
68743 [HEALTH] 9143613 700
68751 [POSITION] 11093195 152 172 130
68751 [HEALTH] 11093195 550
68751 [POSITION] 2786509 176 156 130
68751 [HEALTH] 2786509 550
68783 [POSITION] 16090602 76 96 130
68783 [HEALTH] 16090602 550
68789 [POSITION] 16270655 88 92 130
68789 [HEALTH] 16270655 550
68791 [POSITION] 853340 160 156 130
68791 [HEALTH] 853340 550
68863 [POSITION] 5883017 98 78 130
68863 [HEALTH] 5883017 700
68875 [POSITION] 8176666 176 156 130
68875 [HEALTH] 8176666 550
68875 [POSITION] 11666584 152 172 130
68875 [HEALTH] 11666584 550
68877 [POSITION] 6538297 74 96 130
68877 [HEALTH] 6538297 550
68889 [POSITION] 1082600 158 156 130
68889 [HEALTH] 1082600 550
68933 [POSITION] 1049811 88 92 130
68933 [HEALTH] 1049811 550
68971 [POSITION] 6668488 74 96 130
68971 [HEALTH] 6668488 550
68985 [POSITION] 9864290 158 154 130
68985 [HEALTH] 9864290 550
68985 [POSITION] 7865600 98 80 130
68985 [HEALTH] 7865600 700
69001 [POSITION] 3605789 152 172 130
69001 [HEALTH] 3605789 550
69001 [POSITION] 14959983 176 156 130
69001 [HEALTH] 14959983 550
69077 [POSITION] 10208670 88 92 130
69077 [HEALTH] 10208670 550
69105 [POSITION] 15368418 98 80 130
69105 [HEALTH] 15368418 700
69125 [POSITION] 9126805 152 172 130
69125 [HEALTH] 9126805 550
69125 [POSITION] 14320964 176 154 130
69125 [HEALTH] 14320964 550
69221 [POSITION] 5948639 88 92 130
69221 [HEALTH] 5948639 550
69581 [POSITION] 5817509 152 172 130
69581 [HEALTH] 5817509 300
69591 [POSITION] 16680404 98 80 130
69591 [HEALTH] 16680404 475
69593 [POSITION] 13665558 88 92 130
69593 [HEALTH] 13665558 300
69609 [POSITION] 6456085 160 156 130
69609 [HEALTH] 6456085 300
69617 [POSITION] 14976276 176 156 130
69617 [HEALTH] 14976276 300
69647 [POSITION] 16123331 76 96 130
69647 [HEALTH] 16123331 300
69673 [POSITION] 7979434 152 172 130
69673 [HEALTH] 7979434 550
69689 [POSITION] 918545 98 78 130
69689 [HEALTH] 918545 700
69691 [POSITION] 722325 88 92 130
69691 [HEALTH] 722325 550
69715 [POSITION] 2376754 160 156 130
69715 [HEALTH] 2376754 550
69727 [POSITION] 13501867 176 156 130
69727 [HEALTH] 13501867 550
69765 [POSITION] 7602968 152 172 130
69765 [HEALTH] 7602968 550
69773 [POSITION] 8471680 76 96 130
69773 [HEALTH] 8471680 550
69785 [POSITION] 1262529 98 78 130
69785 [HEALTH] 1262529 700
69789 [POSITION] 4113459 88 92 130
69789 [HEALTH] 4113459 550
69821 [POSITION] 14042263 160 154 130
69821 [HEALTH] 14042263 550
69837 [POSITION] 15271234 176 154 130
69837 [HEALTH] 15271234 550
69857 [POSITION] 15369536 152 172 130
69857 [HEALTH] 15369536 550
69883 [POSITION] 1459263 98 80 130
69883 [HEALTH] 1459263 700
69887 [POSITION] 2704153 88 92 130
69887 [HEALTH] 2704153 550
69897 [POSITION] 2704602 76 96 130
69897 [HEALTH] 2704602 550
69927 [POSITION] 13893845 158 154 130
69927 [HEALTH] 13893845 550
69947 [POSITION] 11912532 176 156 130
69947 [HEALTH] 11912532 550
69949 [POSITION] 6390185 152 172 130
69949 [HEALTH] 6390185 550
69979 [POSITION] 12796935 100 78 130
69979 [HEALTH] 12796935 700
69985 [POSITION] 378216 88 92 130
69985 [HEALTH] 378216 550
70023 [POSITION] 5112932 74 96 130
70023 [HEALTH] 5112932 550
70033 [POSITION] 2966838 158 156 130
70033 [HEALTH] 2966838 550
70057 [POSITION] 3294424 176 156 130
70057 [HEALTH] 3294424 550
70147 [POSITION] 16303283 74 96 130
70147 [HEALTH] 16303283 550
70393 [POSITION] 9094002 176 156 130
70393 [HEALTH] 9094002 300
70393 [POSITION] 9094060 76 96 130
70393 [HEALTH] 9094060 300
70399 [POSITION] 7996455 98 80 130
70399 [HEALTH] 7996455 475
70405 [POSITION] 3228984 160 156 130
70405 [HEALTH] 3228984 300
70413 [POSITION] 5587530 152 172 130
70413 [HEALTH] 5587530 300
70457 [POSITION] 2082157 88 92 130
70457 [HEALTH] 2082157 300
70491 [POSITION] 12534941 176 156 130
70491 [HEALTH] 12534941 550
70493 [POSITION] 16597773 76 96 130
70493 [HEALTH] 16597773 550
70503 [POSITION] 1033715 98 80 130
70503 [HEALTH] 1033715 700
70515 [POSITION] 574972 160 156 130
70515 [HEALTH] 574972 550
70533 [POSITION] 525674 152 172 130
70533 [HEALTH] 525674 550
70589 [POSITION] 7996446 176 156 130
70589 [HEALTH] 7996446 550
70591 [POSITION] 4785525 76 96 130
70591 [HEALTH] 4785525 550
70607 [POSITION] 8471987 98 78 130
70607 [HEALTH] 8471987 700
70619 [POSITION] 8242349 88 92 130
70619 [HEALTH] 8242349 550
70625 [POSITION] 11191502 160 154 130
70625 [HEALTH] 11191502 550
70651 [POSITION] 6456081 152 172 130
70651 [HEALTH] 6456081 550
70687 [POSITION] 5146042 176 156 130
70687 [HEALTH] 5146042 550
70691 [POSITION] 11060684 74 96 130
70691 [HEALTH] 11060684 550
70711 [POSITION] 13338000 98 80 130
70711 [HEALTH] 13338000 700
70735 [POSITION] 14042300 158 156 130
70735 [HEALTH] 14042300 550
70771 [POSITION] 13403051 152 172 130
70771 [HEALTH] 13403051 550
70781 [POSITION] 8585797 88 92 130
70781 [HEALTH] 8585797 550
70785 [POSITION] 5603537 176 156 130
70785 [HEALTH] 5603537 550
70789 [POSITION] 16630890 74 96 130
70789 [HEALTH] 16630890 550
70815 [POSITION] 7668626 98 80 130
70815 [HEALTH] 7668626 700
70845 [POSITION] 10175659 158 154 130
70845 [HEALTH] 10175659 550
70889 [POSITION] 5456097 152 172 130
70889 [HEALTH] 5456097 550
70943 [POSITION] 13993004 88 92 130
70943 [HEALTH] 13993004 550
71105 [POSITION] 6030823 88 92 130
71105 [HEALTH] 6030823 550
71289 [POSITION] 9340123 98 80 130
71289 [HEALTH] 9340123 475
71315 [POSITION] 4359178 152 172 130
71315 [HEALTH] 4359178 300
71321 [POSITION] 132484 160 156 130
71321 [HEALTH] 132484 300
71327 [POSITION] 3212531 176 156 130
71327 [HEALTH] 3212531 300
71341 [POSITION] 1049842 76 96 130
71341 [HEALTH] 1049842 300
71349 [POSITION] 13141455 88 92 130
71349 [HEALTH] 13141455 300
71387 [POSITION] 16336304 98 80 130
71387 [HEALTH] 16336304 700
71439 [POSITION] 11420704 152 172 130
71439 [HEALTH] 11420704 550
71451 [POSITION] 15975834 158 156 130
71451 [HEALTH] 15975834 550
71463 [POSITION] 3081258 176 156 130
71463 [HEALTH] 3081258 550
71485 [POSITION] 9421587 98 80 130
71485 [HEALTH] 9421587 700
71491 [POSITION] 3785883 76 96 130
71491 [HEALTH] 3785883 550
71507 [POSITION] 11273609 88 92 130
71507 [HEALTH] 11273609 550
71563 [POSITION] 14271818 152 172 130
71563 [HEALTH] 14271818 550
71581 [POSITION] 13681750 160 154 130
71581 [HEALTH] 13681750 550
71583 [POSITION] 15270476 98 78 130
71583 [HEALTH] 15270476 700
71599 [POSITION] 3212795 176 156 130
71599 [HEALTH] 3212795 550
71641 [POSITION] 1147950 74 96 130
71641 [HEALTH] 1147950 550
71665 [POSITION] 13992958 88 92 130
71665 [HEALTH] 13992958 550
71681 [POSITION] 8619033 98 80 130
71681 [HEALTH] 8619033 700
71687 [POSITION] 13042985 152 172 130
71687 [HEALTH] 13042985 550
71711 [POSITION] 8258695 158 154 130
71711 [HEALTH] 8258695 550
71735 [POSITION] 12502289 176 156 130
71735 [HEALTH] 12502289 550
71791 [POSITION] 15434844 76 96 130
71791 [HEALTH] 15434844 550
71811 [POSITION] 10978063 152 172 130
71811 [HEALTH] 10978063 550
71823 [POSITION] 1344898 88 92 130
71823 [HEALTH] 1344898 550
71841 [POSITION] 1082605 160 156 130
71841 [HEALTH] 1082605 550
71871 [POSITION] 4554996 176 154 130
71871 [HEALTH] 4554996 550
71941 [POSITION] 10110428 76 96 130
71941 [HEALTH] 10110428 550
71981 [POSITION] 7554136 88 92 130
71981 [HEALTH] 7554136 550
72195 [POSITION] 9225514 176 156 130
72195 [HEALTH] 9225514 300
72199 [POSITION] 1507566 76 96 130
72199 [HEALTH] 1507566 300
72215 [POSITION] 13862081 88 92 130
72215 [HEALTH] 13862081 300
72221 [POSITION] 1410432 98 80 130
72221 [HEALTH] 1410432 475
72229 [POSITION] 11159031 160 156 130
72229 [HEALTH] 11159031 300
72235 [POSITION] 10814695 152 172 130
72235 [HEALTH] 10814695 300
72301 [POSITION] 6538281 176 156 130
72301 [HEALTH] 6538281 550
72309 [POSITION] 16368911 74 96 130
72309 [HEALTH] 16368911 550
72341 [POSITION] 16369092 88 92 130
72341 [HEALTH] 16369092 550
72353 [POSITION] 3261594 98 78 130
72353 [HEALTH] 3261594 700
72369 [POSITION] 9094550 158 154 130
72369 [HEALTH] 9094550 550
72383 [POSITION] 443901 152 172 130
72383 [HEALTH] 443901 550
