0 0 0 0 0 0 0 0 0 0 0 0 0 0 0 0 0 0 0 0 0 0 0 0 0 0 0 0 0 0 0 0 0 0 0 0 0 0 0 0 0 0 0 0 0 0 0 0 0 0 0 0 0 0 0 0 0 0 0 0 0 0 0 0 0 0 0 0 0 0 0 0 0 0 0 0 0 0 0 0 0 0 0 0 0 0 0 0 0 0 0 0 0 0 0 0 0 0 0 0 0 0 0 0 0 0 0 0 0 0 0 0 0 0 0 0
0 0 1.62 2.37 3.37 1.34 -0.16 0.4 -0.91 0.29 0.29 -0.78 1.14 1.18 1.98 -1.17 -1.21 0.94 -0.27 -0.13 -0.12 1.44 0 1.37 -0.14 -0.74 1.07 -0.56 0.28 0.56 0.86 0.53 1.48 1.17 -0.23 0.85 -0.48 -0.49 1.82 3.29 0.56 -1.34 2.39 1.27 -1.14 0.89 1.15 -2.03 2.17 0.7 2.48 -1.17 1.26 0.19 0.43 2.35 -0.74 0 0.77 1.55 3.04 0.82 -0.27 0.25 -1.18 0.84 2.58 3.6 0 0.2 1.54 -0.55 -0.06 -1.82 0.7 -0.44 0.85 -0.03 1.48 1.5 2.53 -0.15 -1.36 -2.74 -1.11 -1.01 1.42 0.62 -0.55 -0.46 -0.43 -0.14 0.78 0 0.01 -1.09 1.34 1.5 0.79 0.8 0.34 0.41 0 2.57 0.36 -0.89 -0.92 0.36 0.4 1.19 0.93 0.25 1.23 0.6 -0.59 0.14
0 0 1.62 2.37 3.37 1.34 -0.16 0.4 -0.91 0.29 0.29 -0.78 1.14 1.18 1.98 -1.17 -1.21 0.94 -0.27 -0.13 -0.12 1.44 0 1.37 -0.14 -0.74 1.07 -0.56 0.28 0.56 0.86 0.53 1.48 1.17 -0.23 0.85 -0.48 -0.49 1.82 3.29 0.56 -1.34 2.39 1.27 -1.14 0.89 1.15 -2.03 2.17 0.7 2.48 -1.17 1.26 0.19 0.43 2.35 -0.74 0 0.77 1.55 3.04 0.82 -0.27 0.25 -1.18 0.84 2.58 3.6 0 0.2 1.54 -0.55 -0.06 -1.82 0.7 -0.44 0.85 -0.03 1.48 1.5 2.53 -0.15 -1.36 -2.74 -1.11 -1.01 1.42 0.62 -0.55 -0.46 -0.43 -0.14 0.78 0 0.01 -1.09 1.34 1.5 0.79 0.8 0.34 0.41 0 2.57 0.36 -0.89 -0.92 0.36 0.4 1.19 0.93 0.25 1.23 0.6 -0.59 0.14
0 0 1.62 2.37 3.37 1.34 -0.16 0.4 -0.91 0.29 0.29 -0.78 1.14 1.18 1.98 -1.17 -1.21 0.94 -0.27 -0.13 -0.12 1.44 0 1.37 -0.14 -0.74 1.07 -0.56 0.28 0.56 0.86 0.53 1.48 1.17 -0.23 0.85 -0.48 -0.49 1.82 3.29 0.56 -1.34 2.39 1.27 -1.14 0.89 1.15 -2.03 2.17 0.7 2.48 -1.17 1.26 0.19 0.43 2.35 -0.74 0 0.77 1.55 3.04 0.82 -0.27 0.25 -1.18 0.84 2.58 3.6 0 0.2 1.54 -0.55 -0.06 -1.82 0.7 -0.44 0.85 -0.03 1.48 1.5 2.53 -0.15 -1.36 -2.74 -1.11 -1.01 1.42 0.62 -0.55 -0.46 -0.43 -0.14 0.78 0 0.01 -1.09 1.34 1.5 0.79 0.8 0.34 0.41 0 2.57 0.36 -0.89 -0.92 0.36 0.4 1.19 0.93 0.25 1.23 0.6 -0.59 0.14
0 0 1.62 2.37 3.37 1.34 -0.16 0.4 -0.91 0.29 0.29 -0.78 1.14 1.18 1.98 -1.17 -1.21 0.94 -0.27 -0.13 -0.12 1.44 0 1.37 -0.14 -0.74 1.07 -0.56 0.28 0.56 0.86 0.53 1.48 1.17 -0.23 0.85 -0.48 -0.49 1.82 3.29 0.56 -1.34 2.39 1.27 -1.14 0.89 1.15 -2.03 2.17 0.7 2.48 -1.17 1.26 0.19 0.43 2.35 -0.74 0 0.77 1.55 3.04 0.82 -0.27 0.25 -1.18 0.84 2.58 3.6 0 0.2 1.54 -0.55 -0.06 -1.82 0.7 -0.44 0.85 -0.03 1.48 1.5 2.53 -0.15 -1.36 -2.74 -1.11 -1.01 1.42 0.62 -0.55 -0.46 -0.43 -0.14 0.78 0 0.01 -1.09 1.34 1.5 0.79 0.8 0.34 0.41 0 2.57 0.36 -0.89 -0.92 0.36 0.4 1.19 0.93 0.25 1.23 0.6 -0.59 0.14
0 0 1.62 2.37 3.37 1.34 -0.16 0.4 -0.91 0.29 0.29 -0.78 1.14 1.18 1.98 -1.17 -1.21 0.94 -0.27 -0.13 -0.12 1.44 0 1.37 -0.14 -0.74 1.07 -0.56 0.28 0.56 0.86 0.53 1.48 1.17 -0.23 0.85 -0.48 -0.49 1.82 3.29 0.56 -1.34 2.39 1.27 -1.14 0.89 1.15 -2.03 2.17 0.7 2.48 -1.17 1.26 0.19 0.43 2.35 -0.74 0 0.77 1.55 3.04 0.82 -0.27 0.25 -1.18 0.84 2.58 3.6 0 0.2 1.54 -0.55 -0.06 -1.82 0.7 -0.44 0.85 -0.03 1.48 1.5 2.53 -0.15 -1.36 -2.74 -1.11 -1.01 1.42 0.62 -0.55 -0.46 -0.43 -0.14 0.78 0 0.01 -1.09 1.34 1.5 0.79 0.8 0.34 0.41 0 2.57 0.36 -0.89 -0.92 0.36 0.4 1.19 0.93 0.25 1.23 0.6 -0.59 0.14
0 0 1.62 2.37 3.37 1.34 -0.16 0.4 -0.91 0.29 0.29 -0.78 1.14 1.18 1.98 -1.17 -1.21 0.94 -0.27 -0.13 -0.12 1.44 0 1.37 -0.14 -0.74 1.07 -0.56 0.28 0.56 0.86 0.53 1.48 1.17 -0.23 0.85 -0.48 -0.49 1.82 3.29 0.56 -1.34 2.39 1.27 -1.14 0.89 1.15 -2.03 2.17 0.7 2.48 -1.17 1.26 0.19 0.43 2.35 -0.74 0 0.77 1.55 3.04 0.82 -0.27 0.25 -1.18 0.84 2.58 3.6 0 0.2 1.54 -0.55 -0.06 -1.82 0.7 -0.44 0.85 -0.03 1.48 1.5 2.53 -0.15 -1.36 -2.74 -1.11 -1.01 1.42 0.62 -0.55 -0.46 -0.43 -0.14 0.78 0 0.01 -1.09 1.34 1.5 0.79 0.8 0.34 0.41 0 2.57 0.36 -0.89 -0.92 0.36 0.4 1.19 0.93 0.25 1.23 0.6 -0.59 0.14
0 0 1.62 2.37 3.37 1.34 -0.16 0.4 -0.91 0.29 0.29 -0.78 1.14 1.18 1.98 -1.17 -1.21 0.94 -0.27 -0.13 -0.12 1.44 0 1.37 -0.14 -0.74 1.07 -0.56 0.28 0.56 0.86 0.53 1.48 1.17 -0.23 0.85 -0.48 -0.49 1.82 3.29 0.56 -1.34 2.39 1.27 -1.14 0.89 1.15 -2.03 2.17 0.7 2.48 -1.17 1.26 0.19 0.43 2.35 -0.74 0 0.77 1.55 3.04 0.82 -0.27 0.25 -1.18 0.84 2.58 3.6 0 0.2 1.54 -0.55 -0.06 -1.82 0.7 -0.44 0.85 -0.03 1.48 1.5 2.53 -0.15 -1.36 -2.74 -1.11 -1.01 1.42 0.62 -0.55 -0.46 -0.43 -0.14 0.78 0 0.01 -1.09 1.34 1.5 0.79 0.8 0.34 0.41 0 2.57 0.36 -0.89 -0.92 0.36 0.4 1.19 0.93 0.25 1.23 0.6 -0.59 0.14
0 0 1.62 2.37 3.37 1.34 -0.16 0.4 -0.91 0.29 0.29 -0.78 1.14 1.18 1.98 -1.17 -1.21 0.94 -0.27 -0.13 -0.12 1.44 0 1.37 -0.14 -0.74 1.07 -0.56 0.28 0.56 0.86 0.53 1.48 1.17 -0.23 0.85 -0.48 -0.49 1.82 3.29 0.56 -1.34 2.39 1.27 -1.14 0.89 1.15 -2.03 2.17 0.7 2.48 -1.17 1.26 0.19 0.43 2.35 -0.74 0 0.77 1.55 3.04 0.82 -0.27 0.25 -1.18 0.84 2.58 3.6 0 0.2 1.54 -0.55 -0.06 -1.82 0.7 -0.44 0.85 -0.03 1.48 1.5 2.53 -0.15 -1.36 -2.74 -1.11 -1.01 1.42 0.62 -0.55 -0.46 -0.43 -0.14 0.78 0 0.01 -1.09 1.34 1.5 0.79 0.8 0.34 0.41 0 2.57 0.36 -0.89 -0.92 0.36 0.4 1.19 0.93 0.25 1.23 0.6 -0.59 0.14
0 0 1.62 2.37 3.37 1.34 -0.16 0.4 -0.91 0.29 0.29 -0.78 1.14 1.18 1.98 -1.17 -1.21 0.94 -0.27 -0.13 -0.12 1.44 0 1.37 -0.14 -0.74 1.07 -0.56 0.28 0.56 0.86 0.53 1.48 1.17 -0.23 0.85 -0.48 -0.49 1.82 3.29 0.56 -1.34 2.39 1.27 -1.14 0.89 1.15 -2.03 2.17 0.7 2.48 -1.17 1.26 0.19 0.43 2.35 -0.74 0 0.77 1.55 3.04 0.82 -0.27 0.25 -1.18 0.84 2.58 3.6 0 0.2 1.54 -0.55 -0.06 -1.82 0.7 -0.44 0.85 -0.03 1.48 1.5 2.53 -0.15 -1.36 -2.74 -1.11 -1.01 1.42 0.62 -0.55 -0.46 -0.43 -0.14 0.78 0 0.01 -1.09 1.34 1.5 0.79 0.8 0.34 0.41 0 2.57 0.36 -0.89 -0.92 0.36 0.4 1.19 0.93 0.25 1.23 0.6 -0.59 0.14
0 0 1.62 2.37 3.37 1.34 -0.16 0.4 -0.91 0.29 0.29 -0.78 1.14 1.18 1.98 -1.17 -1.21 0.94 -0.27 -0.13 -0.12 1.44 0 1.37 -0.14 -0.74 1.07 -0.56 0.28 0.56 0.86 0.53 1.48 1.17 -0.23 0.85 -0.48 -0.49 1.82 3.29 0.56 -1.34 2.39 1.27 -1.14 0.89 1.15 -2.03 2.17 0.7 2.48 -1.17 1.26 0.19 0.43 2.35 -0.74 0 0.77 1.55 3.04 0.82 -0.27 0.25 -1.18 0.84 2.58 3.6 0 0.2 1.54 -0.55 -0.06 -1.82 0.7 -0.44 0.85 -0.03 1.48 1.5 2.53 -0.15 -1.36 -2.74 -1.11 -1.01 1.42 0.62 -0.55 -0.46 -0.43 -0.14 0.78 0 0.01 -1.09 1.34 1.5 0.79 0.8 0.34 0.41 0 2.57 0.36 -0.89 -0.92 0.36 0.4 1.19 0.93 0.25 1.23 0.6 -0.59 0.14
0 0 1.62 2.37 3.37 1.34 -0.16 0.4 -0.91 0.29 0.29 -0.78 1.14 1.18 1.98 -1.17 -1.21 0.94 -0.27 -0.13 -0.12 1.44 0 1.37 -0.14 -0.74 1.07 -0.56 0.28 0.56 0.86 0.53 1.48 1.17 -0.23 0.85 -0.48 -0.49 1.82 3.29 0.56 -1.34 2.39 1.27 -1.14 0.89 1.15 -2.03 2.17 0.7 2.48 -1.17 1.26 0.19 0.43 2.35 -0.74 0 0.77 1.55 3.04 0.82 -0.27 0.25 -1.18 0.84 2.58 3.6 0 0.2 1.54 -0.55 -0.06 -1.82 0.7 -0.44 0.85 -0.03 1.48 1.5 2.53 -0.15 -1.36 -2.74 -1.11 -1.01 1.42 0.62 -0.55 -0.46 -0.43 -0.14 0.78 0 0.01 -1.09 1.34 1.5 0.79 0.8 0.34 0.41 0 2.57 0.36 -0.89 -0.92 0.36 0.4 1.19 0.93 0.25 1.23 0.6 -0.59 0.14
0 0 1.62 2.37 3.37 1.34 -0.16 0.4 -0.91 0.29 0.29 -0.78 1.14 1.18 1.98 -1.17 -1.21 0.94 -0.27 -0.13 -0.12 1.44 0 1.37 -0.14 -0.74 1.07 -0.56 0.28 0.56 0.86 0.53 1.48 1.17 -0.23 0.85 -0.48 -0.49 1.82 3.29 0.56 -1.34 2.39 1.27 -1.14 0.89 1.15 -2.03 2.17 0.7 2.48 -1.17 1.26 0.19 0.43 2.35 -0.74 0 0.77 1.55 3.04 0.82 -0.27 0.25 -1.18 0.84 2.58 3.6 0 0.2 1.54 -0.55 -0.06 -1.82 0.7 -0.44 0.85 -0.03 1.48 1.5 2.53 -0.15 -1.36 -2.74 -1.11 -1.01 1.42 0.62 -0.55 -0.46 -0.43 -0.14 0.78 0 0.01 -1.09 1.34 1.5 0.79 0.8 0.34 0.41 0 2.57 0.36 -0.89 -0.92 0.36 0.4 1.19 0.93 0.25 1.23 0.6 -0.59 0.14
0 0 1.62 2.37 3.37 1.34 -0.16 0.4 -0.91 0.29 0.29 -0.78 1.14 1.18 1.98 -1.17 -1.21 0.94 -0.27 -0.13 -0.12 1.44 0 1.37 -0.14 -0.74 1.07 -0.56 0.28 0.56 0.86 0.53 1.48 1.17 -0.23 0.85 -0.48 -0.49 1.82 3.29 0.56 -1.34 2.39 1.27 -1.14 0.89 1.15 -2.03 2.17 0.7 2.48 -1.17 1.26 0.19 0.43 2.35 -0.74 0 0.77 1.55 3.04 0.82 -0.27 0.25 -1.18 0.84 2.58 3.6 0 0.2 1.54 -0.55 -0.06 -1.82 0.7 -0.44 0.85 -0.03 1.48 1.5 2.53 -0.15 -1.36 -2.74 -1.11 -1.01 1.42 0.62 -0.55 -0.46 -0.43 -0.14 0.78 0 0.01 -1.09 1.34 1.5 0.79 0.8 0.34 0.41 0 2.57 0.36 -0.89 -0.92 0.36 0.4 1.19 0.93 0.25 1.23 0.6 -0.59 0.14
0 0 1.62 2.37 3.37 1.34 -0.16 0.4 -0.91 0.29 0.29 -0.78 1.14 1.18 1.98 -1.17 -1.21 0.94 -0.27 -0.13 -0.12 1.44 0 1.37 -0.14 -0.74 1.07 -0.56 0.28 0.56 0.86 0.53 1.48 1.17 -0.23 0.85 -0.48 -0.49 1.82 3.29 0.56 -1.34 2.39 1.27 -1.14 0.89 1.15 -2.03 2.17 0.7 2.48 -1.17 1.26 0.19 0.43 2.35 -0.74 0 0.77 1.55 3.04 0.82 -0.27 0.25 -1.18 0.84 2.58 3.6 0 0.2 1.54 -0.55 -0.06 -1.82 0.7 -0.44 0.85 -0.03 1.48 1.5 2.53 -0.15 -1.36 -2.74 -1.11 -1.01 1.42 0.62 -0.55 -0.46 -0.43 -0.14 0.78 0 0.01 -1.09 1.34 1.5 0.79 0.8 0.34 0.41 0 2.57 0.36 -0.89 -0.92 0.36 0.4 1.19 0.93 0.25 1.23 0.6 -0.59 0.14
0 0 1.62 2.37 3.37 1.34 -0.16 0.4 -0.91 0.29 0.29 -0.78 1.14 1.18 1.98 -1.17 -1.21 0.94 -0.27 -0.13 -0.12 1.44 0 1.37 -0.14 -0.74 1.07 -0.56 0.28 0.56 0.86 0.53 1.48 1.17 -0.23 0.85 -0.48 -0.49 1.82 3.29 0.56 -1.34 2.39 1.27 -1.14 0.89 1.15 -2.03 2.17 0.7 2.48 -1.17 1.26 0.19 0.43 2.35 -0.74 0 0.77 1.55 3.04 0.82 -0.27 0.25 -1.18 0.84 2.58 3.6 0 0.2 1.54 -0.55 -0.06 -1.82 0.7 -0.44 0.85 -0.03 1.48 1.5 2.53 -0.15 -1.36 -2.74 -1.11 -1.01 1.42 0.62 -0.55 -0.46 -0.43 -0.14 0.78 0 0.01 -1.09 1.34 1.5 0.79 0.8 0.34 0.41 0 2.57 0.36 -0.89 -0.92 0.36 0.4 1.19 0.93 0.25 1.23 0.6 -0.59 0.14
0 0 1.62 2.37 3.37 1.34 -0.16 0.4 -0.91 0.29 0.29 -0.78 1.14 1.18 1.98 -1.17 -1.21 0.94 -0.27 -0.13 -0.12 1.44 0 1.37 -0.14 -0.74 1.07 -0.56 0.28 0.56 0.86 0.53 1.48 1.17 -0.23 0.85 -0.48 -0.49 1.82 3.29 0.56 -1.34 2.39 1.27 -1.14 0.89 1.15 -2.03 2.17 0.7 2.48 -1.17 1.26 0.19 0.43 2.35 -0.74 0 0.77 1.55 3.04 0.82 -0.27 0.25 -1.18 0.84 2.58 3.6 0 0.2 1.54 -0.55 -0.06 -1.82 0.7 -0.44 0.85 -0.03 1.48 1.5 2.53 -0.15 -1.36 -2.74 -1.11 -1.01 1.42 0.62 -0.55 -0.46 -0.43 -0.14 0.78 0 0.01 -1.09 1.34 1.5 0.79 0.8 0.34 0.41 0 2.57 0.36 -0.89 -0.92 0.36 0.4 1.19 0.93 0.25 1.23 0.6 -0.59 0.14
0 0 1.62 2.37 3.37 1.34 -0.16 0.4 -0.91 0.29 0.29 -0.78 1.14 1.18 1.98 -1.17 -1.21 0.94 -0.27 -0.13 -0.12 1.44 0 1.37 -0.14 -0.74 1.07 -0.56 0.28 0.56 0.86 0.53 1.48 1.17 -0.23 0.85 -0.48 -0.49 1.82 3.29 0.56 -1.34 2.39 1.27 -1.14 0.89 1.15 -2.03 2.17 0.7 2.48 -1.17 1.26 0.19 0.43 2.35 -0.74 0 0.77 1.55 3.04 0.82 -0.27 0.25 -1.18 0.84 2.58 3.6 0 0.2 1.54 -0.55 -0.06 -1.82 0.7 -0.44 0.85 -0.03 1.48 1.5 2.53 -0.15 -1.36 -2.74 -1.11 -1.01 1.42 0.62 -0.55 -0.46 -0.43 -0.14 0.78 0 0.01 -1.09 1.34 1.5 0.79 0.8 0.34 0.41 0 2.57 0.36 -0.89 -0.92 0.36 0.4 1.19 0.93 0.25 1.23 0.6 -0.59 0.14
0 0 1.62 2.37 3.37 1.34 -0.16 0.4 -0.91 0.29 0.29 -0.78 1.14 1.18 1.98 -1.17 -1.21 0.94 -0.27 -0.13 -0.12 1.44 0 1.37 -0.14 -0.74 1.07 -0.56 0.28 0.56 0.86 0.53 1.48 1.17 -0.23 0.85 -0.48 -0.49 1.82 3.29 0.56 -1.34 2.39 1.27 -1.14 0.89 1.15 -2.03 2.17 0.7 2.48 -1.17 1.26 0.19 0.43 2.35 -0.74 0 0.77 1.55 3.04 0.82 -0.27 0.25 -1.18 0.84 2.58 3.6 0 0.2 1.54 -0.55 -0.06 -1.82 0.7 -0.44 0.85 -0.03 1.48 1.5 2.53 -0.15 -1.36 -2.74 -1.11 -1.01 1.42 0.62 -0.55 -0.46 -0.43 -0.14 0.78 0 0.01 -1.09 1.34 1.5 0.79 0.8 0.34 0.41 0 2.57 0.36 -0.89 -0.92 0.36 0.4 1.19 0.93 0.25 1.23 0.6 -0.59 0.14
0 0 1.62 2.37 3.37 1.34 -0.16 0.4 -0.91 0.29 0.29 -0.78 1.14 1.18 1.98 -1.17 -1.21 0.94 -0.27 -0.13 -0.12 1.44 0 1.37 -0.14 -0.74 1.07 -0.56 0.28 0.56 0.86 0.53 1.48 1.17 -0.23 0.85 -0.48 -0.49 1.82 3.29 0.56 -1.34 2.39 1.27 -1.14 0.89 1.15 -2.03 2.17 0.7 2.48 -1.17 1.26 0.19 0.43 2.35 -0.74 0 0.77 1.55 3.04 0.82 -0.27 0.25 -1.18 0.84 2.58 3.6 0 0.2 1.54 -0.55 -0.06 -1.82 0.7 -0.44 0.85 -0.03 1.48 1.5 2.53 -0.15 -1.36 -2.74 -1.11 -1.01 1.42 0.62 -0.55 -0.46 -0.43 -0.14 0.78 0 0.01 -1.09 1.34 1.5 0.79 0.8 0.34 0.41 0 2.57 0.36 -0.89 -0.92 0.36 0.4 1.19 0.93 0.25 1.23 0.6 -0.59 0.14
0 0 1.62 2.37 3.37 1.34 -0.16 0.4 -0.91 0.29 0.29 -0.78 1.14 1.18 1.98 -1.17 -1.21 0.94 -0.27 -0.13 -0.12 1.44 0 1.37 -0.14 -0.74 1.07 -0.56 0.28 0.56 0.86 0.53 1.48 1.17 -0.23 0.85 -0.48 -0.49 1.82 3.29 0.56 -1.34 2.39 1.27 -1.14 0.89 1.15 -2.03 2.17 0.7 2.48 -1.17 1.26 0.19 0.43 2.35 -0.74 0 0.77 1.55 3.04 0.82 -0.27 0.25 -1.18 0.84 2.58 3.6 0 0.2 1.54 -0.55 -0.06 -1.82 0.7 -0.44 0.85 -0.03 1.48 1.5 2.53 -0.15 -1.36 -2.74 -1.11 -1.01 1.42 0.62 -0.55 -0.46 -0.43 -0.14 0.78 0 0.01 -1.09 1.34 1.5 0.79 0.8 0.34 0.41 0 2.57 0.36 -0.89 -0.92 0.36 0.4 1.19 0.93 0.25 1.23 0.6 -0.59 0.14
0 0 1.62 2.37 3.37 1.34 -0.16 0.4 -0.91 0.29 0.29 -0.78 1.14 1.18 1.98 -1.17 -1.21 0.94 -0.27 -0.13 -0.12 1.44 0 1.37 -0.14 -0.74 1.07 -0.56 0.28 0.56 0.86 0.53 1.48 1.17 -0.23 0.85 -0.48 -0.49 1.82 3.29 0.56 -1.34 2.39 1.27 -1.14 0.89 1.15 -2.03 2.17 0.7 2.48 -1.17 1.26 0.19 0.43 2.35 -0.74 0 0.77 1.55 3.04 0.82 -0.27 0.25 -1.18 0.84 2.58 3.6 0 0.2 1.54 -0.55 -0.06 -1.82 0.7 -0.44 0.85 -0.03 1.48 1.5 2.53 -0.15 -1.36 -2.74 -1.11 -1.01 1.42 0.62 -0.55 -0.46 -0.43 -0.14 0.78 0 0.01 -1.09 1.34 1.5 0.79 0.8 0.34 0.41 0 2.57 0.36 -0.89 -0.92 0.36 0.4 1.19 0.93 0.25 1.23 0.6 -0.59 0.14
0 0 1.62 2.37 3.37 1.34 -0.16 0.4 -0.91 0.29 0.29 -0.78 1.14 1.18 1.98 -1.17 -1.21 0.94 -0.27 -0.13 -0.12 1.44 0 1.37 -0.14 -0.74 1.07 -0.56 0.28 0.56 0.86 0.53 1.48 1.17 -0.23 0.85 -0.48 -0.49 1.82 3.29 0.56 -1.34 2.39 1.27 -1.14 0.89 1.15 -2.03 2.17 0.7 2.48 -1.17 1.26 0.19 0.43 2.35 -0.74 0 0.77 1.55 3.04 0.82 -0.27 0.25 -1.18 0.84 2.58 3.6 0 0.2 1.54 -0.55 -0.06 -1.82 0.7 -0.44 0.85 -0.03 1.48 1.5 2.53 -0.15 -1.36 -2.74 -1.11 -1.01 1.42 0.62 -0.55 -0.46 -0.43 -0.14 0.78 0 0.01 -1.09 1.34 1.5 0.79 0.8 0.34 0.41 0 2.57 0.36 -0.89 -0.92 0.36 0.4 1.19 0.93 0.25 1.23 0.6 -0.59 0.14
0 0 1.62 2.37 3.37 1.34 -0.16 0.4 -0.91 0.29 0.29 -0.78 1.14 1.18 1.98 -1.17 -1.21 0.94 -0.27 -0.13 -0.12 1.44 0 1.37 -0.14 -0.74 1.07 -0.56 0.28 0.56 0.86 0.53 1.48 1.17 -0.23 0.85 -0.48 -0.49 1.82 3.29 0.56 -1.34 2.39 1.27 -1.14 0.89 1.15 -2.03 2.17 0.7 2.48 -1.17 1.26 0.19 0.43 2.35 -0.74 0 0.77 1.55 3.04 0.82 -0.27 0.25 -1.18 0.84 2.58 3.6 0 0.2 1.54 -0.55 -0.06 -1.82 0.7 -0.44 0.85 -0.03 1.48 1.5 2.53 -0.15 -1.36 -2.74 -1.11 -1.01 1.42 0.62 -0.55 -0.46 -0.43 -0.14 0.78 0 0.01 -1.09 1.34 1.5 0.79 0.8 0.34 0.41 0 2.57 0.36 -0.89 -0.92 0.36 0.4 1.19 0.93 0.25 1.23 0.6 -0.59 0.14
0 0 1.62 2.37 3.37 1.34 -0.16 0.4 -0.91 0.29 0.29 -0.78 1.14 1.18 1.98 -1.17 -1.21 0.94 -0.27 -0.13 -0.12 1.44 0 1.37 -0.14 -0.74 1.07 -0.56 0.28 0.56 0.86 0.53 1.48 1.17 -0.23 0.85 -0.48 -0.49 1.82 3.29 0.56 -1.34 2.39 1.27 -1.14 0.89 1.15 -2.03 2.17 0.7 2.48 -1.17 1.26 0.19 0.43 2.35 -0.74 0 0.77 1.55 3.04 0.82 -0.27 0.25 -1.18 0.84 2.58 3.6 0 0.2 1.54 -0.55 -0.06 -1.82 0.7 -0.44 0.85 -0.03 1.48 1.5 2.53 -0.15 -1.36 -2.74 -1.11 -1.01 1.42 0.62 -0.55 -0.46 -0.43 -0.14 0.78 0 0.01 -1.09 1.34 1.5 0.79 0.8 0.34 0.41 0 2.57 0.36 -0.89 -0.92 0.36 0.4 1.19 0.93 0.25 1.23 0.6 -0.59 0.14
0 0 1.62 2.37 3.37 1.34 -0.16 0.4 -0.91 0.29 0.29 -0.78 1.14 1.18 1.98 -1.17 -1.21 0.94 -0.27 -0.13 -0.12 1.44 0 1.37 -0.14 -0.74 1.07 -0.56 0.28 0.56 0.86 0.53 1.48 1.17 -0.23 0.85 -0.48 -0.49 1.82 3.29 0.56 -1.34 2.39 1.27 -1.14 0.89 1.15 -2.03 2.17 0.7 2.48 -1.17 1.26 0.19 0.43 2.35 -0.74 0 0.77 1.55 3.04 0.82 -0.27 0.25 -1.18 0.84 2.58 3.6 0 0.2 1.54 -0.55 -0.06 -1.82 0.7 -0.44 0.85 -0.03 1.48 1.5 2.53 -0.15 -1.36 -2.74 -1.11 -1.01 1.42 0.62 -0.55 -0.46 -0.43 -0.14 0.78 0 0.01 -1.09 1.34 1.5 0.79 0.8 0.34 0.41 0 2.57 0.36 -0.89 -0.92 0.36 0.4 1.19 0.93 0.25 1.23 0.6 -0.59 0.14
0 0 1.62 2.37 3.37 1.34 -0.16 0.4 -0.91 0.29 0.29 -0.78 1.14 1.18 1.98 -1.17 -1.21 0.94 -0.27 -0.13 -0.12 1.44 0 1.37 -0.14 -0.74 1.07 -0.56 0.28 0.56 0.86 0.53 1.48 1.17 -0.23 0.85 -0.48 -0.49 1.82 3.29 0.56 -1.34 2.39 1.27 -1.14 0.89 1.15 -2.03 2.17 0.7 2.48 -1.17 1.26 0.19 0.43 2.35 -0.74 0 0.77 1.55 3.04 0.82 -0.27 0.25 -1.18 0.84 2.58 3.6 0 0.2 1.54 -0.55 -0.06 -1.82 0.7 -0.44 0.85 -0.03 1.48 1.5 2.53 -0.15 -1.36 -2.74 -1.11 -1.01 1.42 0.62 -0.55 -0.46 -0.43 -0.14 0.78 0 0.01 -1.09 1.34 1.5 0.79 0.8 0.34 0.41 0 2.57 0.36 -0.89 -0.92 0.36 0.4 1.19 0.93 0.25 1.23 0.6 -0.59 0.14
0 0 1.62 2.37 3.37 1.34 -0.16 0.4 -0.91 0.29 0.29 -0.78 1.14 1.18 1.98 -1.17 -1.21 0.94 -0.27 -0.13 -0.12 1.44 0 1.37 -0.14 -0.74 1.07 -0.56 0.28 0.56 0.86 0.53 1.48 1.17 -0.23 0.85 -0.48 -0.49 1.82 3.29 0.56 -1.34 2.39 1.27 -1.14 0.89 1.15 -2.03 2.17 0.7 2.48 -1.17 1.26 0.19 0.43 2.35 -0.74 0 0.77 1.55 3.04 0.82 -0.27 0.25 -1.18 0.84 2.58 3.6 0 0.2 1.54 -0.55 -0.06 -1.82 0.7 -0.44 0.85 -0.03 1.48 1.5 2.53 -0.15 -1.36 -2.74 -1.11 -1.01 1.42 0.62 -0.55 -0.46 -0.43 -0.14 0.78 0 0.01 -1.09 1.34 1.5 0.79 0.8 0.34 0.41 0 2.57 0.36 -0.89 -0.92 0.36 0.4 1.19 0.93 0.25 1.23 0.6 -0.59 0.14
0 0 1.62 2.37 3.37 1.34 -0.16 0.4 -0.91 0.29 0.29 -0.78 1.14 1.18 1.98 -1.17 -1.21 0.94 -0.27 -0.13 -0.12 1.44 0 1.37 -0.14 -0.74 1.07 -0.56 0.28 0.56 0.86 0.53 1.48 1.17 -0.23 0.85 -0.48 -0.49 1.82 3.29 0.56 -1.34 2.39 1.27 -1.14 0.89 1.15 -2.03 2.17 0.7 2.48 -1.17 1.26 0.19 0.43 2.35 -0.74 0 0.77 1.55 3.04 0.82 -0.27 0.25 -1.18 0.84 2.58 3.6 0 0.2 1.54 -0.55 -0.06 -1.82 0.7 -0.44 0.85 -0.03 1.48 1.5 2.53 -0.15 -1.36 -2.74 -1.11 -1.01 1.42 0.62 -0.55 -0.46 -0.43 -0.14 0.78 0 0.01 -1.09 1.34 1.5 0.79 0.8 0.34 0.41 0 2.57 0.36 -0.89 -0.92 0.36 0.4 1.19 0.93 0.25 1.23 0.6 -0.59 0.14
0 0 1.62 2.37 3.37 1.34 -0.16 0.4 -0.91 0.29 0.29 -0.78 1.14 1.18 1.98 -1.17 -1.21 0.94 -0.27 -0.13 -0.12 1.44 0 1.37 -0.14 -0.74 1.07 -0.56 0.28 0.56 0.86 0.53 1.48 1.17 -0.23 0.85 -0.48 -0.49 1.82 3.29 0.56 -1.34 2.39 1.27 -1.14 0.89 1.15 -2.03 2.17 0.7 2.48 -1.17 1.26 0.19 0.43 2.35 -0.74 0 0.77 1.55 3.04 0.82 -0.27 0.25 -1.18 0.84 2.58 3.6 0 0.2 1.54 -0.55 -0.06 -1.82 0.7 -0.44 0.85 -0.03 1.48 1.5 2.53 -0.15 -1.36 -2.74 -1.11 -1.01 1.42 0.62 -0.55 -0.46 -0.43 -0.14 0.78 0 0.01 -1.09 1.34 1.5 0.79 0.8 0.34 0.41 0 2.57 0.36 -0.89 -0.92 0.36 0.4 1.19 0.93 0.25 1.23 0.6 -0.59 0.14
0 0 1.62 2.37 3.37 1.34 -0.16 0.4 -0.91 0.29 0.29 -0.78 1.14 1.18 1.98 -1.17 -1.21 0.94 -0.27 -0.13 -0.12 1.44 0 1.37 -0.14 -0.74 1.07 -0.56 0.28 0.56 0.86 0.53 1.48 1.17 -0.23 0.85 -0.48 -0.49 1.82 3.29 0.56 -1.34 2.39 1.27 -1.14 0.89 1.15 -2.03 2.17 0.7 2.48 -1.17 1.26 0.19 0.43 2.35 -0.74 0 0.77 1.55 3.04 0.82 -0.27 0.25 -1.18 0.84 2.58 3.6 0 0.2 1.54 -0.55 -0.06 -1.82 0.7 -0.44 0.85 -0.03 1.48 1.5 2.53 -0.15 -1.36 -2.74 -1.11 -1.01 1.42 0.62 -0.55 -0.46 -0.43 -0.14 0.78 0 0.01 -1.09 1.34 1.5 0.79 0.8 0.34 0.41 0 2.57 0.36 -0.89 -0.92 0.36 0.4 1.19 0.93 0.25 1.23 0.6 -0.59 0.14
0 0 1.62 2.37 3.37 1.34 -0.16 0.4 -0.91 0.29 0.29 -0.78 1.14 1.18 1.98 -1.17 -1.21 0.94 -0.27 -0.13 -0.12 1.44 0 1.37 -0.14 -0.74 1.07 -0.56 0.28 0.56 0.86 0.53 1.48 1.17 -0.23 0.85 -0.48 -0.49 1.82 3.29 0.56 -1.34 2.39 1.27 -1.14 0.89 1.15 -2.03 2.17 0.7 2.48 -1.17 1.26 0.19 0.43 2.35 -0.74 0 0.77 1.55 3.04 0.82 -0.27 0.25 -1.18 0.84 2.58 3.6 0 0.2 1.54 -0.55 -0.06 -1.82 0.7 -0.44 0.85 -0.03 1.48 1.5 2.53 -0.15 -1.36 -2.74 -1.11 -1.01 1.42 0.62 -0.55 -0.46 -0.43 -0.14 0.78 0 0.01 -1.09 1.34 1.5 0.79 0.8 0.34 0.41 0 2.57 0.36 -0.89 -0.92 0.36 0.4 1.19 0.93 0.25 1.23 0.6 -0.59 0.14
0 0 1.62 2.37 3.37 1.34 -0.16 0.4 -0.91 0.29 0.29 -0.78 1.14 1.18 1.98 -1.17 -1.21 0.94 -0.27 -0.13 -0.12 1.44 0 1.37 -0.14 -0.74 1.07 -0.56 0.28 0.56 0.86 0.53 1.48 1.17 -0.23 0.85 -0.48 -0.49 1.82 3.29 0.56 -1.34 2.39 1.27 -1.14 0.89 1.15 -2.03 2.17 0.7 2.48 -1.17 1.26 0.19 0.43 2.35 -0.74 0 0.77 1.55 3.04 0.82 -0.27 0.25 -1.18 0.84 2.58 3.6 0 0.2 1.54 -0.55 -0.06 -1.82 0.7 -0.44 0.85 -0.03 1.48 1.5 2.53 -0.15 -1.36 -2.74 -1.11 -1.01 1.42 0.62 -0.55 -0.46 -0.43 -0.14 0.78 0 0.01 -1.09 1.34 1.5 0.79 0.8 0.34 0.41 0 2.57 0.36 -0.89 -0.92 0.36 0.4 1.19 0.93 0.25 1.23 0.6 -0.59 0.14
0 0 1.62 2.37 3.37 1.34 -0.16 0.4 -0.91 0.29 0.29 -0.78 1.14 1.18 1.98 -1.17 -1.21 0.94 -0.27 -0.13 -0.12 1.44 0 1.37 -0.14 -0.74 1.07 -0.56 0.28 0.56 0.86 0.53 1.48 1.17 -0.23 0.85 -0.48 -0.49 1.82 3.29 0.56 -1.34 2.39 1.27 -1.14 0.89 1.15 -2.03 2.17 0.7 2.48 -1.17 1.26 0.19 0.43 2.35 -0.74 0 0.77 1.55 3.04 0.82 -0.27 0.25 -1.18 0.84 2.58 3.6 0 0.2 1.54 -0.55 -0.06 -1.82 0.7 -0.44 0.85 -0.03 1.48 1.5 2.53 -0.15 -1.36 -2.74 -1.11 -1.01 1.42 0.62 -0.55 -0.46 -0.43 -0.14 0.78 0 0.01 -1.09 1.34 1.5 0.79 0.8 0.34 0.41 0 2.57 0.36 -0.89 -0.92 0.36 0.4 1.19 0.93 0.25 1.23 0.6 -0.59 0.14
0 0 1.62 2.37 3.37 1.34 -0.16 0.4 -0.91 0.29 0.29 -0.78 1.14 1.18 1.98 -1.17 -1.21 0.94 -0.27 -0.13 -0.12 1.44 0 1.37 -0.14 -0.74 1.07 -0.56 0.28 0.56 0.86 0.53 1.48 1.17 -0.23 0.85 -0.48 -0.49 1.82 3.29 0.56 -1.34 2.39 1.27 -1.14 0.89 1.15 -2.03 2.17 0.7 2.48 -1.17 1.26 0.19 0.43 2.35 -0.74 0 0.77 1.55 3.04 0.82 -0.27 0.25 -1.18 0.84 2.58 3.6 0 0.2 1.54 -0.55 -0.06 -1.82 0.7 -0.44 0.85 -0.03 1.48 1.5 2.53 -0.15 -1.36 -2.74 -1.11 -1.01 1.42 0.62 -0.55 -0.46 -0.43 -0.14 0.78 0 0.01 -1.09 1.34 1.5 0.79 0.8 0.34 0.41 0 2.57 0.36 -0.89 -0.92 0.36 0.4 1.19 0.93 0.25 1.23 0.6 -0.59 0.14
0 0 1.62 2.37 3.37 1.34 -0.16 0.4 -0.91 0.29 0.29 -0.78 1.14 1.18 1.98 -1.17 -1.21 0.94 -0.27 -0.13 -0.12 1.44 0 1.37 -0.14 -0.74 1.07 -0.56 0.28 0.56 0.86 0.53 1.48 1.17 -0.23 0.85 -0.48 -0.49 1.82 3.29 0.56 -1.34 2.39 1.27 -1.14 0.89 1.15 -2.03 2.17 0.7 2.48 -1.17 1.26 0.19 0.43 2.35 -0.74 0 0.77 1.55 3.04 0.82 -0.27 0.25 -1.18 0.84 2.58 3.6 0 0.2 1.54 -0.55 -0.06 -1.82 0.7 -0.44 0.85 -0.03 1.48 1.5 2.53 -0.15 -1.36 -2.74 -1.11 -1.01 1.42 0.62 -0.55 -0.46 -0.43 -0.14 0.78 0 0.01 -1.09 1.34 1.5 0.79 0.8 0.34 0.41 0 2.57 0.36 -0.89 -0.92 0.36 0.4 1.19 0.93 0.25 1.23 0.6 -0.59 0.14
0 0 1.62 2.37 3.37 1.34 -0.16 0.4 -0.91 0.29 0.29 -0.78 1.14 1.18 1.98 -1.17 -1.21 0.94 -0.27 -0.13 -0.12 1.44 0 1.37 -0.14 -0.74 1.07 -0.56 0.28 0.56 0.86 0.53 1.48 1.17 -0.23 0.85 -0.48 -0.49 1.82 3.29 0.56 -1.34 2.39 1.27 -1.14 0.89 1.15 -2.03 2.17 0.7 2.48 -1.17 1.26 0.19 0.43 2.35 -0.74 0 0.77 1.55 3.04 0.82 -0.27 0.25 -1.18 0.84 2.58 3.6 0 0.2 1.54 -0.55 -0.06 -1.82 0.7 -0.44 0.85 -0.03 1.48 1.5 2.53 -0.15 -1.36 -2.74 -1.11 -1.01 1.42 0.62 -0.55 -0.46 -0.43 -0.14 0.78 0 0.01 -1.09 1.34 1.5 0.79 0.8 0.34 0.41 0 2.57 0.36 -0.89 -0.92 0.36 0.4 1.19 0.93 0.25 1.23 0.6 -0.59 0.14
0 0 1.62 2.37 3.37 1.34 -0.16 0.4 -0.91 0.29 0.29 -0.78 1.14 1.18 1.98 -1.17 -1.21 0.94 -0.27 -0.13 -0.12 1.44 0 1.37 -0.14 -0.74 1.07 -0.56 0.28 0.56 0.86 0.53 1.48 1.17 -0.23 0.85 -0.48 -0.49 1.82 3.29 0.56 -1.34 2.39 1.27 -1.14 0.89 1.15 -2.03 2.17 0.7 2.48 -1.17 1.26 0.19 0.43 2.35 -0.74 0 0.77 1.55 3.04 0.82 -0.27 0.25 -1.18 0.84 2.58 3.6 0 0.2 1.54 -0.55 -0.06 -1.82 0.7 -0.44 0.85 -0.03 1.48 1.5 2.53 -0.15 -1.36 -2.74 -1.11 -1.01 1.42 0.62 -0.55 -0.46 -0.43 -0.14 0.78 0 0.01 -1.09 1.34 1.5 0.79 0.8 0.34 0.41 0 2.57 0.36 -0.89 -0.92 0.36 0.4 1.19 0.93 0.25 1.23 0.6 -0.59 0.14
0 0 1.62 2.37 3.37 1.34 -0.16 0.4 -0.91 0.29 0.29 -0.78 1.14 1.18 1.98 -1.17 -1.21 0.94 -0.27 -0.13 -0.12 1.44 0 1.37 -0.14 -0.74 1.07 -0.56 0.28 0.56 0.86 0.53 1.48 1.17 -0.23 0.85 -0.48 -0.49 1.82 3.29 0.56 -1.34 2.39 1.27 -1.14 0.89 1.15 -2.03 2.17 0.7 2.48 -1.17 1.26 0.19 0.43 2.35 -0.74 0 0.77 1.55 3.04 0.82 -0.27 0.25 -1.18 0.84 2.58 3.6 0 0.2 1.54 -0.55 -0.06 -1.82 0.7 -0.44 0.85 -0.03 1.48 1.5 2.53 -0.15 -1.36 -2.74 -1.11 -1.01 1.42 0.62 -0.55 -0.46 -0.43 -0.14 0.78 0 0.01 -1.09 1.34 1.5 0.79 0.8 0.34 0.41 0 2.57 0.36 -0.89 -0.92 0.36 0.4 1.19 0.93 0.25 1.23 0.6 -0.59 0.14
0 0 1.62 2.37 3.37 1.34 -0.16 0.4 -0.91 0.29 0.29 -0.78 1.14 1.18 1.98 -1.17 -1.21 0.94 -0.27 -0.13 -0.12 1.44 0 1.37 -0.14 -0.74 1.07 -0.56 0.28 0.56 0.86 0.53 1.48 1.17 -0.23 0.85 -0.48 -0.49 1.82 3.29 0.56 -1.34 2.39 1.27 -1.14 0.89 1.15 -2.03 2.17 0.7 2.48 -1.17 1.26 0.19 0.43 2.35 -0.74 0 0.77 1.55 3.04 0.82 -0.27 0.25 -1.18 0.84 2.58 3.6 0 0.2 1.54 -0.55 -0.06 -1.82 0.7 -0.44 0.85 -0.03 1.48 1.5 2.53 -0.15 -1.36 -2.74 -1.11 -1.01 1.42 0.62 -0.55 -0.46 -0.43 -0.14 0.78 0 0.01 -1.09 1.34 1.5 0.79 0.8 0.34 0.41 0 2.57 0.36 -0.89 -0.92 0.36 0.4 1.19 0.93 0.25 1.23 0.6 -0.59 0.14
0 0 1.62 2.37 3.37 1.34 -0.16 0.4 -0.91 0.29 0.29 -0.78 1.14 1.18 1.98 -1.17 -1.21 0.94 -0.27 -0.13 -0.12 1.44 0 1.37 -0.14 -0.74 1.07 -0.56 0.28 0.56 0.86 0.53 1.48 1.17 -0.23 0.85 -0.48 -0.49 1.82 3.29 0.56 -1.34 2.39 1.27 -1.14 0.89 1.15 -2.03 2.17 0.7 2.48 -1.17 1.26 0.19 0.43 2.35 -0.74 0 0.77 1.55 3.04 0.82 -0.27 0.25 -1.18 0.84 2.58 3.6 0 0.2 1.54 -0.55 -0.06 -1.82 0.7 -0.44 0.85 -0.03 1.48 1.5 2.53 -0.15 -1.36 -2.74 -1.11 -1.01 1.42 0.62 -0.55 -0.46 -0.43 -0.14 0.78 0 0.01 -1.09 1.34 1.5 0.79 0.8 0.34 0.41 0 2.57 0.36 -0.89 -0.92 0.36 0.4 1.19 0.93 0.25 1.23 0.6 -0.59 0.14
0 0 1.62 2.37 3.37 1.34 -0.16 0.4 -0.91 0.29 0.29 -0.78 1.14 1.18 1.98 -1.17 -1.21 0.94 -0.27 -0.13 -0.12 1.44 0 1.37 -0.14 -0.74 1.07 -0.56 0.28 0.56 0.86 0.53 1.48 1.17 -0.23 0.85 -0.48 -0.49 1.82 3.29 0.56 -1.34 2.39 1.27 -1.14 0.89 1.15 -2.03 2.17 0.7 2.48 -1.17 1.26 0.19 0.43 2.35 -0.74 0 0.77 1.55 3.04 0.82 -0.27 0.25 -1.18 0.84 2.58 3.6 0 0.2 1.54 -0.55 -0.06 -1.82 0.7 -0.44 0.85 -0.03 1.48 1.5 2.53 -0.15 -1.36 -2.74 -1.11 -1.01 1.42 0.62 -0.55 -0.46 -0.43 -0.14 0.78 0 0.01 -1.09 1.34 1.5 0.79 0.8 0.34 0.41 0 2.57 0.36 -0.89 -0.92 0.36 0.4 1.19 0.93 0.25 1.23 0.6 -0.59 0.14
0 0 1.62 2.37 3.37 1.34 -0.16 0.4 -0.91 0.29 0.29 -0.78 1.14 1.18 1.98 -1.17 -1.21 0.94 -0.27 -0.13 -0.12 1.44 0 1.37 -0.14 -0.74 1.07 -0.56 0.28 0.56 0.86 0.53 1.48 1.17 -0.23 0.85 -0.48 -0.49 1.82 3.29 0.56 -1.34 2.39 1.27 -1.14 0.89 1.15 -2.03 2.17 0.7 2.48 -1.17 1.26 0.19 0.43 2.35 -0.74 0 0.77 1.55 3.04 0.82 -0.27 0.25 -1.18 0.84 2.58 3.6 0 0.2 1.54 -0.55 -0.06 -1.82 0.7 -0.44 0.85 -0.03 1.48 1.5 2.53 -0.15 -1.36 -2.74 -1.11 -1.01 1.42 0.62 -0.55 -0.46 -0.43 -0.14 0.78 0 0.01 -1.09 1.34 1.5 0.79 0.8 0.34 0.41 0 2.57 0.36 -0.89 -0.92 0.36 0.4 1.19 0.93 0.25 1.23 0.6 -0.59 0.14
0 0 1.62 2.37 3.37 1.34 -0.16 0.4 -0.91 0.29 0.29 -0.78 1.14 1.18 1.98 -1.17 -1.21 0.94 -0.27 -0.13 -0.12 1.44 0 1.37 -0.14 -0.74 1.07 -0.56 0.28 0.56 0.86 0.53 1.48 1.17 -0.23 0.85 -0.48 -0.49 1.82 3.29 0.56 -1.34 2.39 1.27 -1.14 0.89 1.15 -2.03 2.17 0.7 2.48 -1.17 1.26 0.19 0.43 2.35 -0.74 0 0.77 1.55 3.04 0.82 -0.27 0.25 -1.18 0.84 2.58 3.6 0 0.2 1.54 -0.55 -0.06 -1.82 0.7 -0.44 0.85 -0.03 1.48 1.5 2.53 -0.15 -1.36 -2.74 -1.11 -1.01 1.42 0.62 -0.55 -0.46 -0.43 -0.14 0.78 0 0.01 -1.09 1.34 1.5 0.79 0.8 0.34 0.41 0 2.57 0.36 -0.89 -0.92 0.36 0.4 1.19 0.93 0.25 1.23 0.6 -0.59 0.14
0 0 1.62 2.37 3.37 1.34 -0.16 0.4 -0.91 0.29 0.29 -0.78 1.14 1.18 1.98 -1.17 -1.21 0.94 -0.27 -0.13 -0.12 1.44 0 1.37 -0.14 -0.74 1.07 -0.56 0.28 0.56 0.86 0.53 1.48 1.17 -0.23 0.85 -0.48 -0.49 1.82 3.29 0.56 -1.34 2.39 1.27 -1.14 0.89 1.15 -2.03 2.17 0.7 2.48 -1.17 1.26 0.19 0.43 2.35 -0.74 0 0.77 1.55 3.04 0.82 -0.27 0.25 -1.18 0.84 2.58 3.6 0 0.2 1.54 -0.55 -0.06 -1.82 0.7 -0.44 0.85 -0.03 1.48 1.5 2.53 -0.15 -1.36 -2.74 -1.11 -1.01 1.42 0.62 -0.55 -0.46 -0.43 -0.14 0.78 0 0.01 -1.09 1.34 1.5 0.79 0.8 0.34 0.41 0 2.57 0.36 -0.89 -0.92 0.36 0.4 1.19 0.93 0.25 1.23 0.6 -0.59 0.14
0 0 1.62 2.37 3.37 1.34 -0.16 0.4 -0.91 0.29 0.29 -0.78 1.14 1.18 1.98 -1.17 -1.21 0.94 -0.27 -0.13 -0.12 1.44 0 1.37 -0.14 -0.74 1.07 -0.56 0.28 0.56 0.86 0.53 1.48 1.17 -0.23 0.85 -0.48 -0.49 1.82 3.29 0.56 -1.34 2.39 1.27 -1.14 0.89 1.15 -2.03 2.17 0.7 2.48 -1.17 1.26 0.19 0.43 2.35 -0.74 0 0.77 1.55 3.04 0.82 -0.27 0.25 -1.18 0.84 2.58 3.6 0 0.2 1.54 -0.55 -0.06 -1.82 0.7 -0.44 0.85 -0.03 1.48 1.5 2.53 -0.15 -1.36 -2.74 -1.11 -1.01 1.42 0.62 -0.55 -0.46 -0.43 -0.14 0.78 0 0.01 -1.09 1.34 1.5 0.79 0.8 0.34 0.41 0 2.57 0.36 -0.89 -0.92 0.36 0.4 1.19 0.93 0.25 1.23 0.6 -0.59 0.14
0 0 1.62 2.37 3.37 1.34 -0.16 0.4 -0.91 0.29 0.29 -0.78 1.14 1.18 1.98 -1.17 -1.21 0.94 -0.27 -0.13 -0.12 1.44 0 1.37 -0.14 -0.74 1.07 -0.56 0.28 0.56 0.86 0.53 1.48 1.17 -0.23 0.85 -0.48 -0.49 1.82 3.29 0.56 -1.34 2.39 1.27 -1.14 0.89 1.15 -2.03 2.17 0.7 2.48 -1.17 1.26 0.19 0.43 2.35 -0.74 0 0.77 1.55 3.04 0.82 -0.27 0.25 -1.18 0.84 2.58 3.6 0 0.2 1.54 -0.55 -0.06 -1.82 0.7 -0.44 0.85 -0.03 1.48 1.5 2.53 -0.15 -1.36 -2.74 -1.11 -1.01 1.42 0.62 -0.55 -0.46 -0.43 -0.14 0.78 0 0.01 -1.09 1.34 1.5 0.79 0.8 0.34 0.41 0 2.57 0.36 -0.89 -0.92 0.36 0.4 1.19 0.93 0.25 1.23 0.6 -0.59 0.14
0 0 1.62 2.37 3.37 1.34 -0.16 0.4 -0.91 0.29 0.29 -0.78 1.14 1.18 1.98 -1.17 -1.21 0.94 -0.27 -0.13 -0.12 1.44 0 1.37 -0.14 -0.74 1.07 -0.56 0.28 0.56 0.86 0.53 1.48 1.17 -0.23 0.85 -0.48 -0.49 1.82 3.29 0.56 -1.34 2.39 1.27 -1.14 0.89 1.15 -2.03 2.17 0.7 2.48 -1.17 1.26 0.19 0.43 2.35 -0.74 0 0.77 1.55 3.04 0.82 -0.27 0.25 -1.18 0.84 2.58 3.6 0 0.2 1.54 -0.55 -0.06 -1.82 0.7 -0.44 0.85 -0.03 1.48 1.5 2.53 -0.15 -1.36 -2.74 -1.11 -1.01 1.42 0.62 -0.55 -0.46 -0.43 -0.14 0.78 0 0.01 -1.09 1.34 1.5 0.79 0.8 0.34 0.41 0 2.57 0.36 -0.89 -0.92 0.36 0.4 1.19 0.93 0.25 1.23 0.6 -0.59 0.14
0 0 1.62 2.37 3.37 1.34 -0.16 0.4 -0.91 0.29 0.29 -0.78 1.14 1.18 1.98 -1.17 -1.21 0.94 -0.27 -0.13 -0.12 1.44 0 1.37 -0.14 -0.74 1.07 -0.56 0.28 0.56 0.86 0.53 1.48 1.17 -0.23 0.85 -0.48 -0.49 1.82 3.29 0.56 -1.34 2.39 1.27 -1.14 0.89 1.15 -2.03 2.17 0.7 2.48 -1.17 1.26 0.19 0.43 2.35 -0.74 0 0.77 1.55 3.04 0.82 -0.27 0.25 -1.18 0.84 2.58 3.6 0 0.2 1.54 -0.55 -0.06 -1.82 0.7 -0.44 0.85 -0.03 1.48 1.5 2.53 -0.15 -1.36 -2.74 -1.11 -1.01 1.42 0.62 -0.55 -0.46 -0.43 -0.14 0.78 0 0.01 -1.09 1.34 1.5 0.79 0.8 0.34 0.41 0 2.57 0.36 -0.89 -0.92 0.36 0.4 1.19 0.93 0.25 1.23 0.6 -0.59 0.14
0 0 1.62 2.37 3.37 1.34 -0.16 0.4 -0.91 0.29 0.29 -0.78 1.14 1.18 1.98 -1.17 -1.21 0.94 -0.27 -0.13 -0.12 1.44 0 1.37 -0.14 -0.74 1.07 -0.56 0.28 0.56 0.86 0.53 1.48 1.17 -0.23 0.85 -0.48 -0.49 1.82 3.29 0.56 -1.34 2.39 1.27 -1.14 0.89 1.15 -2.03 2.17 0.7 2.48 -1.17 1.26 0.19 0.43 2.35 -0.74 0 0.77 1.55 3.04 0.82 -0.27 0.25 -1.18 0.84 2.58 3.6 0 0.2 1.54 -0.55 -0.06 -1.82 0.7 -0.44 0.85 -0.03 1.48 1.5 2.53 -0.15 -1.36 -2.74 -1.11 -1.01 1.42 0.62 -0.55 -0.46 -0.43 -0.14 0.78 0 0.01 -1.09 1.34 1.5 0.79 0.8 0.34 0.41 0 2.57 0.36 -0.89 -0.92 0.36 0.4 1.19 0.93 0.25 1.23 0.6 -0.59 0.14
0 0 1.62 2.37 3.37 1.34 -0.16 0.4 -0.91 0.29 0.29 -0.78 1.14 1.18 1.98 -1.17 -1.21 0.94 -0.27 -0.13 -0.12 1.44 0 1.37 -0.14 -0.74 1.07 -0.56 0.28 0.56 0.86 0.53 1.48 1.17 -0.23 0.85 -0.48 -0.49 1.82 3.29 0.56 -1.34 2.39 1.27 -1.14 0.89 1.15 -2.03 2.17 0.7 2.48 -1.17 1.26 0.19 0.43 2.35 -0.74 0 0.77 1.55 3.04 0.82 -0.27 0.25 -1.18 0.84 2.58 3.6 0 0.2 1.54 -0.55 -0.06 -1.82 0.7 -0.44 0.85 -0.03 1.48 1.5 2.53 -0.15 -1.36 -2.74 -1.11 -1.01 1.42 0.62 -0.55 -0.46 -0.43 -0.14 0.78 0 0.01 -1.09 1.34 1.5 0.79 0.8 0.34 0.41 0 2.57 0.36 -0.89 -0.92 0.36 0.4 1.19 0.93 0.25 1.23 0.6 -0.59 0.14
0 0 1.62 2.37 3.37 1.34 -0.16 0.4 -0.91 0.29 0.29 -0.78 1.14 1.18 1.98 -1.17 -1.21 0.94 -0.27 -0.13 -0.12 1.44 0 1.37 -0.14 -0.74 1.07 -0.56 0.28 0.56 0.86 0.53 1.48 1.17 -0.23 0.85 -0.48 -0.49 1.82 3.29 0.56 -1.34 2.39 1.27 -1.14 0.89 1.15 -2.03 2.17 0.7 2.48 -1.17 1.26 0.19 0.43 2.35 -0.74 0 0.77 1.55 3.04 0.82 -0.27 0.25 -1.18 0.84 2.58 3.6 0 0.2 1.54 -0.55 -0.06 -1.82 0.7 -0.44 0.85 -0.03 1.48 1.5 2.53 -0.15 -1.36 -2.74 -1.11 -1.01 1.42 0.62 -0.55 -0.46 -0.43 -0.14 0.78 0 0.01 -1.09 1.34 1.5 0.79 0.8 0.34 0.41 0 2.57 0.36 -0.89 -0.92 0.36 0.4 1.19 0.93 0.25 1.23 0.6 -0.59 0.14
0 0 1.62 2.37 3.37 1.34 -0.16 0.4 -0.91 0.29 0.29 -0.78 1.14 1.18 1.98 -1.17 -1.21 0.94 -0.27 -0.13 -0.12 1.44 0 1.37 -0.14 -0.74 1.07 -0.56 0.28 0.56 0.86 0.53 1.48 1.17 -0.23 0.85 -0.48 -0.49 1.82 3.29 0.56 -1.34 2.39 1.27 -1.14 0.89 1.15 -2.03 2.17 0.7 2.48 -1.17 1.26 0.19 0.43 2.35 -0.74 0 0.77 1.55 3.04 0.82 -0.27 0.25 -1.18 0.84 2.58 3.6 0 0.2 1.54 -0.55 -0.06 -1.82 0.7 -0.44 0.85 -0.03 1.48 1.5 2.53 -0.15 -1.36 -2.74 -1.11 -1.01 1.42 0.62 -0.55 -0.46 -0.43 -0.14 0.78 0 0.01 -1.09 1.34 1.5 0.79 0.8 0.34 0.41 0 2.57 0.36 -0.89 -0.92 0.36 0.4 1.19 0.93 0.25 1.23 0.6 -0.59 0.14
0 0 1.62 2.37 3.37 1.34 -0.16 0.4 -0.91 0.29 0.29 -0.78 1.14 1.18 1.98 -1.17 -1.21 0.94 -0.27 -0.13 -0.12 1.44 0 1.37 -0.14 -0.74 1.07 -0.56 0.28 0.56 0.86 0.53 1.48 1.17 -0.23 0.85 -0.48 -0.49 1.82 3.29 0.56 -1.34 2.39 1.27 -1.14 0.89 1.15 -2.03 2.17 0.7 2.48 -1.17 1.26 0.19 0.43 2.35 -0.74 0 0.77 1.55 3.04 0.82 -0.27 0.25 -1.18 0.84 2.58 3.6 0 0.2 1.54 -0.55 -0.06 -1.82 0.7 -0.44 0.85 -0.03 1.48 1.5 2.53 -0.15 -1.36 -2.74 -1.11 -1.01 1.42 0.62 -0.55 -0.46 -0.43 -0.14 0.78 0 0.01 -1.09 1.34 1.5 0.79 0.8 0.34 0.41 0 2.57 0.36 -0.89 -0.92 0.36 0.4 1.19 0.93 0.25 1.23 0.6 -0.59 0.14
0 0 1.62 2.37 3.37 1.34 -0.16 0.4 -0.91 0.29 0.29 -0.78 1.14 1.18 1.98 -1.17 -1.21 0.94 -0.27 -0.13 -0.12 1.44 0 1.37 -0.14 -0.74 1.07 -0.56 0.28 0.56 0.86 0.53 1.48 1.17 -0.23 0.85 -0.48 -0.49 1.82 3.29 0.56 -1.34 2.39 1.27 -1.14 0.89 1.15 -2.03 2.17 0.7 2.48 -1.17 1.26 0.19 0.43 2.35 -0.74 0 0.77 1.55 3.04 0.82 -0.27 0.25 -1.18 0.84 2.58 3.6 0 0.2 1.54 -0.55 -0.06 -1.82 0.7 -0.44 0.85 -0.03 1.48 1.5 2.53 -0.15 -1.36 -2.74 -1.11 -1.01 1.42 0.62 -0.55 -0.46 -0.43 -0.14 0.78 0 0.01 -1.09 1.34 1.5 0.79 0.8 0.34 0.41 0 2.57 0.36 -0.89 -0.92 0.36 0.4 1.19 0.93 0.25 1.23 0.6 -0.59 0.14
0 0 1.62 2.37 3.37 1.34 -0.16 0.4 -0.91 0.29 0.29 -0.78 1.14 1.18 1.98 -1.17 -1.21 0.94 -0.27 -0.13 -0.12 1.44 0 1.37 -0.14 -0.74 1.07 -0.56 0.28 0.56 0.86 0.53 1.48 1.17 -0.23 0.85 -0.48 -0.49 1.82 3.29 0.56 -1.34 2.39 1.27 -1.14 0.89 1.15 -2.03 2.17 0.7 2.48 -1.17 1.26 0.19 0.43 2.35 -0.74 0 0.77 1.55 3.04 0.82 -0.27 0.25 -1.18 0.84 2.58 3.6 0 0.2 1.54 -0.55 -0.06 -1.82 0.7 -0.44 0.85 -0.03 1.48 1.5 2.53 -0.15 -1.36 -2.74 -1.11 -1.01 1.42 0.62 -0.55 -0.46 -0.43 -0.14 0.78 0 0.01 -1.09 1.34 1.5 0.79 0.8 0.34 0.41 0 2.57 0.36 -0.89 -0.92 0.36 0.4 1.19 0.93 0.25 1.23 0.6 -0.59 0.14
0 0 1.62 2.37 3.37 1.34 -0.16 0.4 -0.91 0.29 0.29 -0.78 1.14 1.18 1.98 -1.17 -1.21 0.94 -0.27 -0.13 -0.12 1.44 0 1.37 -0.14 -0.74 1.07 -0.56 0.28 0.56 0.86 0.53 1.48 1.17 -0.23 0.85 -0.48 -0.49 1.82 3.29 0.56 -1.34 2.39 1.27 -1.14 0.89 1.15 -2.03 2.17 0.7 2.48 -1.17 1.26 0.19 0.43 2.35 -0.74 0 0.77 1.55 3.04 0.82 -0.27 0.25 -1.18 0.84 2.58 3.6 0 0.2 1.54 -0.55 -0.06 -1.82 0.7 -0.44 0.85 -0.03 1.48 1.5 2.53 -0.15 -1.36 -2.74 -1.11 -1.01 1.42 0.62 -0.55 -0.46 -0.43 -0.14 0.78 0 0.01 -1.09 1.34 1.5 0.79 0.8 0.34 0.41 0 2.57 0.36 -0.89 -0.92 0.36 0.4 1.19 0.93 0.25 1.23 0.6 -0.59 0.14
0 0 1.62 2.37 3.37 1.34 -0.16 0.4 -0.91 0.29 0.29 -0.78 1.14 1.18 1.98 -1.17 -1.21 0.94 -0.27 -0.13 -0.12 1.44 0 1.37 -0.14 -0.74 1.07 -0.56 0.28 0.56 0.86 0.53 1.48 1.17 -0.23 0.85 -0.48 -0.49 1.82 3.29 0.56 -1.34 2.39 1.27 -1.14 0.89 1.15 -2.03 2.17 0.7 2.48 -1.17 1.26 0.19 0.43 2.35 -0.74 0 0.77 1.55 3.04 0.82 -0.27 0.25 -1.18 0.84 2.58 3.6 0 0.2 1.54 -0.55 -0.06 -1.82 0.7 -0.44 0.85 -0.03 1.48 1.5 2.53 -0.15 -1.36 -2.74 -1.11 -1.01 1.42 0.62 -0.55 -0.46 -0.43 -0.14 0.78 0 0.01 -1.09 1.34 1.5 0.79 0.8 0.34 0.41 0 2.57 0.36 -0.89 -0.92 0.36 0.4 1.19 0.93 0.25 1.23 0.6 -0.59 0.14
0 0 1.62 2.37 3.37 1.34 -0.16 0.4 -0.91 0.29 0.29 -0.78 1.14 1.18 1.98 -1.17 -1.21 0.94 -0.27 -0.13 -0.12 1.44 0 1.37 -0.14 -0.74 1.07 -0.56 0.28 0.56 0.86 0.53 1.48 1.17 -0.23 0.85 -0.48 -0.49 1.82 3.29 0.56 -1.34 2.39 1.27 -1.14 0.89 1.15 -2.03 2.17 0.7 2.48 -1.17 1.26 0.19 0.43 2.35 -0.74 0 0.77 1.55 3.04 0.82 -0.27 0.25 -1.18 0.84 2.58 3.6 0 0.2 1.54 -0.55 -0.06 -1.82 0.7 -0.44 0.85 -0.03 1.48 1.5 2.53 -0.15 -1.36 -2.74 -1.11 -1.01 1.42 0.62 -0.55 -0.46 -0.43 -0.14 0.78 0 0.01 -1.09 1.34 1.5 0.79 0.8 0.34 0.41 0 2.57 0.36 -0.89 -0.92 0.36 0.4 1.19 0.93 0.25 1.23 0.6 -0.59 0.14
0 0 1.62 2.37 3.37 1.34 -0.16 0.4 -0.91 0.29 0.29 -0.78 1.14 1.18 1.98 -1.17 -1.21 0.94 -0.27 -0.13 -0.12 1.44 0 1.37 -0.14 -0.74 1.07 -0.56 0.28 0.56 0.86 0.53 1.48 1.17 -0.23 0.85 -0.48 -0.49 1.82 3.29 0.56 -1.34 2.39 1.27 -1.14 0.89 1.15 -2.03 2.17 0.7 2.48 -1.17 1.26 0.19 0.43 2.35 -0.74 0 0.77 1.55 3.04 0.82 -0.27 0.25 -1.18 0.84 2.58 3.6 0 0.2 1.54 -0.55 -0.06 -1.82 0.7 -0.44 0.85 -0.03 1.48 1.5 2.53 -0.15 -1.36 -2.74 -1.11 -1.01 1.42 0.62 -0.55 -0.46 -0.43 -0.14 0.78 0 0.01 -1.09 1.34 1.5 0.79 0.8 0.34 0.41 0 2.57 0.36 -0.89 -0.92 0.36 0.4 1.19 0.93 0.25 1.23 0.6 -0.59 0.14
0 0 1.62 2.37 3.37 1.34 -0.16 0.4 -0.91 0.29 0.29 -0.78 1.14 1.18 1.98 -1.17 -1.21 0.94 -0.27 -0.13 -0.12 1.44 0 1.37 -0.14 -0.74 1.07 -0.56 0.28 0.56 0.86 0.53 1.48 1.17 -0.23 0.85 -0.48 -0.49 1.82 3.29 0.56 -1.34 2.39 1.27 -1.14 0.89 1.15 -2.03 2.17 0.7 2.48 -1.17 1.26 0.19 0.43 2.35 -0.74 0 0.77 1.55 3.04 0.82 -0.27 0.25 -1.18 0.84 2.58 3.6 0 0.2 1.54 -0.55 -0.06 -1.82 0.7 -0.44 0.85 -0.03 1.48 1.5 2.53 -0.15 -1.36 -2.74 -1.11 -1.01 1.42 0.62 -0.55 -0.46 -0.43 -0.14 0.78 0 0.01 -1.09 1.34 1.5 0.79 0.8 0.34 0.41 0 2.57 0.36 -0.89 -0.92 0.36 0.4 1.19 0.93 0.25 1.23 0.6 -0.59 0.14
0 0 1.62 2.37 3.37 1.34 -0.16 0.4 -0.91 0.29 0.29 -0.78 1.14 1.18 1.98 -1.17 -1.21 0.94 -0.27 -0.13 -0.12 1.44 0 1.37 -0.14 -0.74 1.07 -0.56 0.28 0.56 0.86 0.53 1.48 1.17 -0.23 0.85 -0.48 -0.49 1.82 3.29 0.56 -1.34 2.39 1.27 -1.14 0.89 1.15 -2.03 2.17 0.7 2.48 -1.17 1.26 0.19 0.43 2.35 -0.74 0 0.77 1.55 3.04 0.82 -0.27 0.25 -1.18 0.84 2.58 3.6 0 0.2 1.54 -0.55 -0.06 -1.82 0.7 -0.44 0.85 -0.03 1.48 1.5 2.53 -0.15 -1.36 -2.74 -1.11 -1.01 1.42 0.62 -0.55 -0.46 -0.43 -0.14 0.78 0 0.01 -1.09 1.34 1.5 0.79 0.8 0.34 0.41 0 2.57 0.36 -0.89 -0.92 0.36 0.4 1.19 0.93 0.25 1.23 0.6 -0.59 0.14
0 0 1.62 2.37 3.37 1.34 -0.16 0.4 -0.91 0.29 0.29 -0.78 1.14 1.18 1.98 -1.17 -1.21 0.94 -0.27 -0.13 -0.12 1.44 0 1.37 -0.14 -0.74 1.07 -0.56 0.28 0.56 0.86 0.53 1.48 1.17 -0.23 0.85 -0.48 -0.49 1.82 3.29 0.56 -1.34 2.39 1.27 -1.14 0.89 1.15 -2.03 2.17 0.7 2.48 -1.17 1.26 0.19 0.43 2.35 -0.74 0 0.77 1.55 3.04 0.82 -0.27 0.25 -1.18 0.84 2.58 3.6 0 0.2 1.54 -0.55 -0.06 -1.82 0.7 -0.44 0.85 -0.03 1.48 1.5 2.53 -0.15 -1.36 -2.74 -1.11 -1.01 1.42 0.62 -0.55 -0.46 -0.43 -0.14 0.78 0 0.01 -1.09 1.34 1.5 0.79 0.8 0.34 0.41 0 2.57 0.36 -0.89 -0.92 0.36 0.4 1.19 0.93 0.25 1.23 0.6 -0.59 0.14
0 0 1.62 2.37 3.37 1.34 -0.16 0.4 -0.91 0.29 0.29 -0.78 1.14 1.18 1.98 -1.17 -1.21 0.94 -0.27 -0.13 -0.12 1.44 0 1.37 -0.14 -0.74 1.07 -0.56 0.28 0.56 0.86 0.53 1.48 1.17 -0.23 0.85 -0.48 -0.49 1.82 3.29 0.56 -1.34 2.39 1.27 -1.14 0.89 1.15 -2.03 2.17 0.7 2.48 -1.17 1.26 0.19 0.43 2.35 -0.74 0 0.77 1.55 3.04 0.82 -0.27 0.25 -1.18 0.84 2.58 3.6 0 0.2 1.54 -0.55 -0.06 -1.82 0.7 -0.44 0.85 -0.03 1.48 1.5 2.53 -0.15 -1.36 -2.74 -1.11 -1.01 1.42 0.62 -0.55 -0.46 -0.43 -0.14 0.78 0 0.01 -1.09 1.34 1.5 0.79 0.8 0.34 0.41 0 2.57 0.36 -0.89 -0.92 0.36 0.4 1.19 0.93 0.25 1.23 0.6 -0.59 0.14
0 0 1.62 2.37 3.37 1.34 -0.16 0.4 -0.91 0.29 0.29 -0.78 1.14 1.18 1.98 -1.17 -1.21 0.94 -0.27 -0.13 -0.12 1.44 0 1.37 -0.14 -0.74 1.07 -0.56 0.28 0.56 0.86 0.53 1.48 1.17 -0.23 0.85 -0.48 -0.49 1.82 3.29 0.56 -1.34 2.39 1.27 -1.14 0.89 1.15 -2.03 2.17 0.7 2.48 -1.17 1.26 0.19 0.43 2.35 -0.74 0 0.77 1.55 3.04 0.82 -0.27 0.25 -1.18 0.84 2.58 3.6 0 0.2 1.54 -0.55 -0.06 -1.82 0.7 -0.44 0.85 -0.03 1.48 1.5 2.53 -0.15 -1.36 -2.74 -1.11 -1.01 1.42 0.62 -0.55 -0.46 -0.43 -0.14 0.78 0 0.01 -1.09 1.34 1.5 0.79 0.8 0.34 0.41 0 2.57 0.36 -0.89 -0.92 0.36 0.4 1.19 0.93 0.25 1.23 0.6 -0.59 0.14
0 0 1.62 2.37 3.37 1.34 -0.16 0.4 -0.91 0.29 0.29 -0.78 1.14 1.18 1.98 -1.17 -1.21 0.94 -0.27 -0.13 -0.12 1.44 0 1.37 -0.14 -0.74 1.07 -0.56 0.28 0.56 0.86 0.53 1.48 1.17 -0.23 0.85 -0.48 -0.49 1.82 3.29 0.56 -1.34 2.39 1.27 -1.14 0.89 1.15 -2.03 2.17 0.7 2.48 -1.17 1.26 0.19 0.43 2.35 -0.74 0 0.77 1.55 3.04 0.82 -0.27 0.25 -1.18 0.84 2.58 3.6 0 0.2 1.54 -0.55 -0.06 -1.82 0.7 -0.44 0.85 -0.03 1.48 1.5 2.53 -0.15 -1.36 -2.74 -1.11 -1.01 1.42 0.62 -0.55 -0.46 -0.43 -0.14 0.78 0 0.01 -1.09 1.34 1.5 0.79 0.8 0.34 0.41 0 2.57 0.36 -0.89 -0.92 0.36 0.4 1.19 0.93 0.25 1.23 0.6 -0.59 0.14
0 0 1.62 2.37 3.37 1.34 -0.16 0.4 -0.91 0.29 0.29 -0.78 1.14 1.18 1.98 -1.17 -1.21 0.94 -0.27 -0.13 -0.12 1.44 0 1.37 -0.14 -0.74 1.07 -0.56 0.28 0.56 0.86 0.53 1.48 1.17 -0.23 0.85 -0.48 -0.49 1.82 3.29 0.56 -1.34 2.39 1.27 -1.14 0.89 1.15 -2.03 2.17 0.7 2.48 -1.17 1.26 0.19 0.43 2.35 -0.74 0 0.77 1.55 3.04 0.82 -0.27 0.25 -1.18 0.84 2.58 3.6 0 0.2 1.54 -0.55 -0.06 -1.82 0.7 -0.44 0.85 -0.03 1.48 1.5 2.53 -0.15 -1.36 -2.74 -1.11 -1.01 1.42 0.62 -0.55 -0.46 -0.43 -0.14 0.78 0 0.01 -1.09 1.34 1.5 0.79 0.8 0.34 0.41 0 2.57 0.36 -0.89 -0.92 0.36 0.4 1.19 0.93 0.25 1.23 0.6 -0.59 0.14
0 0 1.62 2.37 3.37 1.34 -0.16 0.4 -0.91 0.29 0.29 -0.78 1.14 1.18 1.98 -1.17 -1.21 0.94 -0.27 -0.13 -0.12 1.44 0 1.37 -0.14 -0.74 1.07 -0.56 0.28 0.56 0.86 0.53 1.48 1.17 -0.23 0.85 -0.48 -0.49 1.82 3.29 0.56 -1.34 2.39 1.27 -1.14 0.89 1.15 -2.03 2.17 0.7 2.48 -1.17 1.26 0.19 0.43 2.35 -0.74 0 0.77 1.55 3.04 0.82 -0.27 0.25 -1.18 0.84 2.58 3.6 0 0.2 1.54 -0.55 -0.06 -1.82 0.7 -0.44 0.85 -0.03 1.48 1.5 2.53 -0.15 -1.36 -2.74 -1.11 -1.01 1.42 0.62 -0.55 -0.46 -0.43 -0.14 0.78 0 0.01 -1.09 1.34 1.5 0.79 0.8 0.34 0.41 0 2.57 0.36 -0.89 -0.92 0.36 0.4 1.19 0.93 0.25 1.23 0.6 -0.59 0.14
0 0 1.62 2.37 3.37 1.34 -0.16 0.4 -0.91 0.29 0.29 -0.78 1.14 1.18 1.98 -1.17 -1.21 0.94 -0.27 -0.13 -0.12 1.44 0 1.37 -0.14 -0.74 1.07 -0.56 0.28 0.56 0.86 0.53 1.48 1.17 -0.23 0.85 -0.48 -0.49 1.82 3.29 0.56 -1.34 2.39 1.27 -1.14 0.89 1.15 -2.03 2.17 0.7 2.48 -1.17 1.26 0.19 0.43 2.35 -0.74 0 0.77 1.55 3.04 0.82 -0.27 0.25 -1.18 0.84 2.58 3.6 0 0.2 1.54 -0.55 -0.06 -1.82 0.7 -0.44 0.85 -0.03 1.48 1.5 2.53 -0.15 -1.36 -2.74 -1.11 -1.01 1.42 0.62 -0.55 -0.46 -0.43 -0.14 0.78 0 0.01 -1.09 1.34 1.5 0.79 0.8 0.34 0.41 0 2.57 0.36 -0.89 -0.92 0.36 0.4 1.19 0.93 0.25 1.23 0.6 -0.59 0.14
0 0 1.62 2.37 3.37 1.34 -0.16 0.4 -0.91 0.29 0.29 -0.78 1.14 1.18 1.98 -1.17 -1.21 0.94 -0.27 -0.13 -0.12 1.44 0 1.37 -0.14 -0.74 1.07 -0.56 0.28 0.56 0.86 0.53 1.48 1.17 -0.23 0.85 -0.48 -0.49 1.82 3.29 0.56 -1.34 2.39 1.27 -1.14 0.89 1.15 -2.03 2.17 0.7 2.48 -1.17 1.26 0.19 0.43 2.35 -0.74 0 0.77 1.55 3.04 0.82 -0.27 0.25 -1.18 0.84 2.58 3.6 0 0.2 1.54 -0.55 -0.06 -1.82 0.7 -0.44 0.85 -0.03 1.48 1.5 2.53 -0.15 -1.36 -2.74 -1.11 -1.01 1.42 0.62 -0.55 -0.46 -0.43 -0.14 0.78 0 0.01 -1.09 1.34 1.5 0.79 0.8 0.34 0.41 0 2.57 0.36 -0.89 -0.92 0.36 0.4 1.19 0.93 0.25 1.23 0.6 -0.59 0.14
0 0 1.62 2.37 3.37 1.34 -0.16 0.4 -0.91 0.29 0.29 -0.78 1.14 1.18 1.98 -1.17 -1.21 0.94 -0.27 -0.13 -0.12 1.44 0 1.37 -0.14 -0.74 1.07 -0.56 0.28 0.56 0.86 0.53 1.48 1.17 -0.23 0.85 -0.48 -0.49 1.82 3.29 0.56 -1.34 2.39 1.27 -1.14 0.89 1.15 -2.03 2.17 0.7 2.48 -1.17 1.26 0.19 0.43 2.35 -0.74 0 0.77 1.55 3.04 0.82 -0.27 0.25 -1.18 0.84 2.58 3.6 0 0.2 1.54 -0.55 -0.06 -1.82 0.7 -0.44 0.85 -0.03 1.48 1.5 2.53 -0.15 -1.36 -2.74 -1.11 -1.01 1.42 0.62 -0.55 -0.46 -0.43 -0.14 0.78 0 0.01 -1.09 1.34 1.5 0.79 0.8 0.34 0.41 0 2.57 0.36 -0.89 -0.92 0.36 0.4 1.19 0.93 0.25 1.23 0.6 -0.59 0.14
0 0 1.62 2.37 3.37 1.34 -0.16 0.4 -0.91 0.29 0.29 -0.78 1.14 1.18 1.98 -1.17 -1.21 0.94 -0.27 -0.13 -0.12 1.44 0 1.37 -0.14 -0.74 1.07 -0.56 0.28 0.56 0.86 0.53 1.48 1.17 -0.23 0.85 -0.48 -0.49 1.82 3.29 0.56 -1.34 2.39 1.27 -1.14 0.89 1.15 -2.03 2.17 0.7 2.48 -1.17 1.26 0.19 0.43 2.35 -0.74 0 0.77 1.55 3.04 0.82 -0.27 0.25 -1.18 0.84 2.58 3.6 0 0.2 1.54 -0.55 -0.06 -1.82 0.7 -0.44 0.85 -0.03 1.48 1.5 2.53 -0.15 -1.36 -2.74 -1.11 -1.01 1.42 0.62 -0.55 -0.46 -0.43 -0.14 0.78 0 0.01 -1.09 1.34 1.5 0.79 0.8 0.34 0.41 0 2.57 0.36 -0.89 -0.92 0.36 0.4 1.19 0.93 0.25 1.23 0.6 -0.59 0.14
0 0 1.62 2.37 3.37 1.34 -0.16 0.4 -0.91 0.29 0.29 -0.78 1.14 1.18 1.98 -1.17 -1.21 0.94 -0.27 -0.13 -0.12 1.44 0 1.37 -0.14 -0.74 1.07 -0.56 0.28 0.56 0.86 0.53 1.48 1.17 -0.23 0.85 -0.48 -0.49 1.82 3.29 0.56 -1.34 2.39 1.27 -1.14 0.89 1.15 -2.03 2.17 0.7 2.48 -1.17 1.26 0.19 0.43 2.35 -0.74 0 0.77 1.55 3.04 0.82 -0.27 0.25 -1.18 0.84 2.58 3.6 0 0.2 1.54 -0.55 -0.06 -1.82 0.7 -0.44 0.85 -0.03 1.48 1.5 2.53 -0.15 -1.36 -2.74 -1.11 -1.01 1.42 0.62 -0.55 -0.46 -0.43 -0.14 0.78 0 0.01 -1.09 1.34 1.5 0.79 0.8 0.34 0.41 0 2.57 0.36 -0.89 -0.92 0.36 0.4 1.19 0.93 0.25 1.23 0.6 -0.59 0.14
0 0 1.62 2.37 3.37 1.34 -0.16 0.4 -0.91 0.29 0.29 -0.78 1.14 1.18 1.98 -1.17 -1.21 0.94 -0.27 -0.13 -0.12 1.44 0 1.37 -0.14 -0.74 1.07 -0.56 0.28 0.56 0.86 0.53 1.48 1.17 -0.23 0.85 -0.48 -0.49 1.82 3.29 0.56 -1.34 2.39 1.27 -1.14 0.89 1.15 -2.03 2.17 0.7 2.48 -1.17 1.26 0.19 0.43 2.35 -0.74 0 0.77 1.55 3.04 0.82 -0.27 0.25 -1.18 0.84 2.58 3.6 0 0.2 1.54 -0.55 -0.06 -1.82 0.7 -0.44 0.85 -0.03 1.48 1.5 2.53 -0.15 -1.36 -2.74 -1.11 -1.01 1.42 0.62 -0.55 -0.46 -0.43 -0.14 0.78 0 0.01 -1.09 1.34 1.5 0.79 0.8 0.34 0.41 0 2.57 0.36 -0.89 -0.92 0.36 0.4 1.19 0.93 0.25 1.23 0.6 -0.59 0.14
0 0 1.62 2.37 3.37 1.34 -0.16 0.4 -0.91 0.29 0.29 -0.78 1.14 1.18 1.98 -1.17 -1.21 0.94 -0.27 -0.13 -0.12 1.44 0 1.37 -0.14 -0.74 1.07 -0.56 0.28 0.56 0.86 0.53 1.48 1.17 -0.23 0.85 -0.48 -0.49 1.82 3.29 0.56 -1.34 2.39 1.27 -1.14 0.89 1.15 -2.03 2.17 0.7 2.48 -1.17 1.26 0.19 0.43 2.35 -0.74 0 0.77 1.55 3.04 0.82 -0.27 0.25 -1.18 0.84 2.58 3.6 0 0.2 1.54 -0.55 -0.06 -1.82 0.7 -0.44 0.85 -0.03 1.48 1.5 2.53 -0.15 -1.36 -2.74 -1.11 -1.01 1.42 0.62 -0.55 -0.46 -0.43 -0.14 0.78 0 0.01 -1.09 1.34 1.5 0.79 0.8 0.34 0.41 0 2.57 0.36 -0.89 -0.92 0.36 0.4 1.19 0.93 0.25 1.23 0.6 -0.59 0.14
0 0 1.62 2.37 3.37 1.34 -0.16 0.4 -0.91 0.29 0.29 -0.78 1.14 1.18 1.98 -1.17 -1.21 0.94 -0.27 -0.13 -0.12 1.44 0 1.37 -0.14 -0.74 1.07 -0.56 0.28 0.56 0.86 0.53 1.48 1.17 -0.23 0.85 -0.48 -0.49 1.82 3.29 0.56 -1.34 2.39 1.27 -1.14 0.89 1.15 -2.03 2.17 0.7 2.48 -1.17 1.26 0.19 0.43 2.35 -0.74 0 0.77 1.55 3.04 0.82 -0.27 0.25 -1.18 0.84 2.58 3.6 0 0.2 1.54 -0.55 -0.06 -1.82 0.7 -0.44 0.85 -0.03 1.48 1.5 2.53 -0.15 -1.36 -2.74 -1.11 -1.01 1.42 0.62 -0.55 -0.46 -0.43 -0.14 0.78 0 0.01 -1.09 1.34 1.5 0.79 0.8 0.34 0.41 0 2.57 0.36 -0.89 -0.92 0.36 0.4 1.19 0.93 0.25 1.23 0.6 -0.59 0.14
0 0 1.62 2.37 3.37 1.34 -0.16 0.4 -0.91 0.29 0.29 -0.78 1.14 1.18 1.98 -1.17 -1.21 0.94 -0.27 -0.13 -0.12 1.44 0 1.37 -0.14 -0.74 1.07 -0.56 0.28 0.56 0.86 0.53 1.48 1.17 -0.23 0.85 -0.48 -0.49 1.82 3.29 0.56 -1.34 2.39 1.27 -1.14 0.89 1.15 -2.03 2.17 0.7 2.48 -1.17 1.26 0.19 0.43 2.35 -0.74 0 0.77 1.55 3.04 0.82 -0.27 0.25 -1.18 0.84 2.58 3.6 0 0.2 1.54 -0.55 -0.06 -1.82 0.7 -0.44 0.85 -0.03 1.48 1.5 2.53 -0.15 -1.36 -2.74 -1.11 -1.01 1.42 0.62 -0.55 -0.46 -0.43 -0.14 0.78 0 0.01 -1.09 1.34 1.5 0.79 0.8 0.34 0.41 0 2.57 0.36 -0.89 -0.92 0.36 0.4 1.19 0.93 0.25 1.23 0.6 -0.59 0.14
0 0 1.62 2.37 3.37 1.34 -0.16 0.4 -0.91 0.29 0.29 -0.78 1.14 1.18 1.98 -1.17 -1.21 0.94 -0.27 -0.13 -0.12 1.44 0 1.37 -0.14 -0.74 1.07 -0.56 0.28 0.56 0.86 0.53 1.48 1.17 -0.23 0.85 -0.48 -0.49 1.82 3.29 0.56 -1.34 2.39 1.27 -1.14 0.89 1.15 -2.03 2.17 0.7 2.48 -1.17 1.26 0.19 0.43 2.35 -0.74 0 0.77 1.55 3.04 0.82 -0.27 0.25 -1.18 0.84 2.58 3.6 0 0.2 1.54 -0.55 -0.06 -1.82 0.7 -0.44 0.85 -0.03 1.48 1.5 2.53 -0.15 -1.36 -2.74 -1.11 -1.01 1.42 0.62 -0.55 -0.46 -0.43 -0.14 0.78 0 0.01 -1.09 1.34 1.5 0.79 0.8 0.34 0.41 0 2.57 0.36 -0.89 -0.92 0.36 0.4 1.19 0.93 0.25 1.23 0.6 -0.59 0.14
0 0 1.62 2.37 3.37 1.34 -0.16 0.4 -0.91 0.29 0.29 -0.78 1.14 1.18 1.98 -1.17 -1.21 0.94 -0.27 -0.13 -0.12 1.44 0 1.37 -0.14 -0.74 1.07 -0.56 0.28 0.56 0.86 0.53 1.48 1.17 -0.23 0.85 -0.48 -0.49 1.82 3.29 0.56 -1.34 2.39 1.27 -1.14 0.89 1.15 -2.03 2.17 0.7 2.48 -1.17 1.26 0.19 0.43 2.35 -0.74 0 0.77 1.55 3.04 0.82 -0.27 0.25 -1.18 0.84 2.58 3.6 0 0.2 1.54 -0.55 -0.06 -1.82 0.7 -0.44 0.85 -0.03 1.48 1.5 2.53 -0.15 -1.36 -2.74 -1.11 -1.01 1.42 0.62 -0.55 -0.46 -0.43 -0.14 0.78 0 0.01 -1.09 1.34 1.5 0.79 0.8 0.34 0.41 0 2.57 0.36 -0.89 -0.92 0.36 0.4 1.19 0.93 0.25 1.23 0.6 -0.59 0.14
0 0 1.62 2.37 3.37 1.34 -0.16 0.4 -0.91 0.29 0.29 -0.78 1.14 1.18 1.98 -1.17 -1.21 0.94 -0.27 -0.13 -0.12 1.44 0 1.37 -0.14 -0.74 1.07 -0.56 0.28 0.56 0.86 0.53 1.48 1.17 -0.23 0.85 -0.48 -0.49 1.82 3.29 0.56 -1.34 2.39 1.27 -1.14 0.89 1.15 -2.03 2.17 0.7 2.48 -1.17 1.26 0.19 0.43 2.35 -0.74 0 0.77 1.55 3.04 0.82 -0.27 0.25 -1.18 0.84 2.58 3.6 0 0.2 1.54 -0.55 -0.06 -1.82 0.7 -0.44 0.85 -0.03 1.48 1.5 2.53 -0.15 -1.36 -2.74 -1.11 -1.01 1.42 0.62 -0.55 -0.46 -0.43 -0.14 0.78 0 0.01 -1.09 1.34 1.5 0.79 0.8 0.34 0.41 0 2.57 0.36 -0.89 -0.92 0.36 0.4 1.19 0.93 0.25 1.23 0.6 -0.59 0.14
0 0 1.62 2.37 3.37 1.34 -0.16 0.4 -0.91 0.29 0.29 -0.78 1.14 1.18 1.98 -1.17 -1.21 0.94 -0.27 -0.13 -0.12 1.44 0 1.37 -0.14 -0.74 1.07 -0.56 0.28 0.56 0.86 0.53 1.48 1.17 -0.23 0.85 -0.48 -0.49 1.82 3.29 0.56 -1.34 2.39 1.27 -1.14 0.89 1.15 -2.03 2.17 0.7 2.48 -1.17 1.26 0.19 0.43 2.35 -0.74 0 0.77 1.55 3.04 0.82 -0.27 0.25 -1.18 0.84 2.58 3.6 0 0.2 1.54 -0.55 -0.06 -1.82 0.7 -0.44 0.85 -0.03 1.48 1.5 2.53 -0.15 -1.36 -2.74 -1.11 -1.01 1.42 0.62 -0.55 -0.46 -0.43 -0.14 0.78 0 0.01 -1.09 1.34 1.5 0.79 0.8 0.34 0.41 0 2.57 0.36 -0.89 -0.92 0.36 0.4 1.19 0.93 0.25 1.23 0.6 -0.59 0.14
0 0 1.62 2.37 3.37 1.34 -0.16 0.4 -0.91 0.29 0.29 -0.78 1.14 1.18 1.98 -1.17 -1.21 0.94 -0.27 -0.13 -0.12 1.44 0 1.37 -0.14 -0.74 1.07 -0.56 0.28 0.56 0.86 0.53 1.48 1.17 -0.23 0.85 -0.48 -0.49 1.82 3.29 0.56 -1.34 2.39 1.27 -1.14 0.89 1.15 -2.03 2.17 0.7 2.48 -1.17 1.26 0.19 0.43 2.35 -0.74 0 0.77 1.55 3.04 0.82 -0.27 0.25 -1.18 0.84 2.58 3.6 0 0.2 1.54 -0.55 -0.06 -1.82 0.7 -0.44 0.85 -0.03 1.48 1.5 2.53 -0.15 -1.36 -2.74 -1.11 -1.01 1.42 0.62 -0.55 -0.46 -0.43 -0.14 0.78 0 0.01 -1.09 1.34 1.5 0.79 0.8 0.34 0.41 0 2.57 0.36 -0.89 -0.92 0.36 0.4 1.19 0.93 0.25 1.23 0.6 -0.59 0.14
0 0 1.62 2.37 3.37 1.34 -0.16 0.4 -0.91 0.29 0.29 -0.78 1.14 1.18 1.98 -1.17 -1.21 0.94 -0.27 -0.13 -0.12 1.44 0 1.37 -0.14 -0.74 1.07 -0.56 0.28 0.56 0.86 0.53 1.48 1.17 -0.23 0.85 -0.48 -0.49 1.82 3.29 0.56 -1.34 2.39 1.27 -1.14 0.89 1.15 -2.03 2.17 0.7 2.48 -1.17 1.26 0.19 0.43 2.35 -0.74 0 0.77 1.55 3.04 0.82 -0.27 0.25 -1.18 0.84 2.58 3.6 0 0.2 1.54 -0.55 -0.06 -1.82 0.7 -0.44 0.85 -0.03 1.48 1.5 2.53 -0.15 -1.36 -2.74 -1.11 -1.01 1.42 0.62 -0.55 -0.46 -0.43 -0.14 0.78 0 0.01 -1.09 1.34 1.5 0.79 0.8 0.34 0.41 0 2.57 0.36 -0.89 -0.92 0.36 0.4 1.19 0.93 0.25 1.23 0.6 -0.59 0.14
0 0 1.62 2.37 3.37 1.34 -0.16 0.4 -0.91 0.29 0.29 -0.78 1.14 1.18 1.98 -1.17 -1.21 0.94 -0.27 -0.13 -0.12 1.44 0 1.37 -0.14 -0.74 1.07 -0.56 0.28 0.56 0.86 0.53 1.48 1.17 -0.23 0.85 -0.48 -0.49 1.82 3.29 0.56 -1.34 2.39 1.27 -1.14 0.89 1.15 -2.03 2.17 0.7 2.48 -1.17 1.26 0.19 0.43 2.35 -0.74 0 0.77 1.55 3.04 0.82 -0.27 0.25 -1.18 0.84 2.58 3.6 0 0.2 1.54 -0.55 -0.06 -1.82 0.7 -0.44 0.85 -0.03 1.48 1.5 2.53 -0.15 -1.36 -2.74 -1.11 -1.01 1.42 0.62 -0.55 -0.46 -0.43 -0.14 0.78 0 0.01 -1.09 1.34 1.5 0.79 0.8 0.34 0.41 0 2.57 0.36 -0.89 -0.92 0.36 0.4 1.19 0.93 0.25 1.23 0.6 -0.59 0.14
0 0 1.62 2.37 3.37 1.34 -0.16 0.4 -0.91 0.29 0.29 -0.78 1.14 1.18 1.98 -1.17 -1.21 0.94 -0.27 -0.13 -0.12 1.44 0 1.37 -0.14 -0.74 1.07 -0.56 0.28 0.56 0.86 0.53 1.48 1.17 -0.23 0.85 -0.48 -0.49 1.82 3.29 0.56 -1.34 2.39 1.27 -1.14 0.89 1.15 -2.03 2.17 0.7 2.48 -1.17 1.26 0.19 0.43 2.35 -0.74 0 0.77 1.55 3.04 0.82 -0.27 0.25 -1.18 0.84 2.58 3.6 0 0.2 1.54 -0.55 -0.06 -1.82 0.7 -0.44 0.85 -0.03 1.48 1.5 2.53 -0.15 -1.36 -2.74 -1.11 -1.01 1.42 0.62 -0.55 -0.46 -0.43 -0.14 0.78 0 0.01 -1.09 1.34 1.5 0.79 0.8 0.34 0.41 0 2.57 0.36 -0.89 -0.92 0.36 0.4 1.19 0.93 0.25 1.23 0.6 -0.59 0.14
0 0 1.62 2.37 3.37 1.34 -0.16 0.4 -0.91 0.29 0.29 -0.78 1.14 1.18 1.98 -1.17 -1.21 0.94 -0.27 -0.13 -0.12 1.44 0 1.37 -0.14 -0.74 1.07 -0.56 0.28 0.56 0.86 0.53 1.48 1.17 -0.23 0.85 -0.48 -0.49 1.82 3.29 0.56 -1.34 2.39 1.27 -1.14 0.89 1.15 -2.03 2.17 0.7 2.48 -1.17 1.26 0.19 0.43 2.35 -0.74 0 0.77 1.55 3.04 0.82 -0.27 0.25 -1.18 0.84 2.58 3.6 0 0.2 1.54 -0.55 -0.06 -1.82 0.7 -0.44 0.85 -0.03 1.48 1.5 2.53 -0.15 -1.36 -2.74 -1.11 -1.01 1.42 0.62 -0.55 -0.46 -0.43 -0.14 0.78 0 0.01 -1.09 1.34 1.5 0.79 0.8 0.34 0.41 0 2.57 0.36 -0.89 -0.92 0.36 0.4 1.19 0.93 0.25 1.23 0.6 -0.59 0.14
0 0 1.62 2.37 3.37 1.34 -0.16 0.4 -0.91 0.29 0.29 -0.78 1.14 1.18 1.98 -1.17 -1.21 0.94 -0.27 -0.13 -0.12 1.44 0 1.37 -0.14 -0.74 1.07 -0.56 0.28 0.56 0.86 0.53 1.48 1.17 -0.23 0.85 -0.48 -0.49 1.82 3.29 0.56 -1.34 2.39 1.27 -1.14 0.89 1.15 -2.03 2.17 0.7 2.48 -1.17 1.26 0.19 0.43 2.35 -0.74 0 0.77 1.55 3.04 0.82 -0.27 0.25 -1.18 0.84 2.58 3.6 0 0.2 1.54 -0.55 -0.06 -1.82 0.7 -0.44 0.85 -0.03 1.48 1.5 2.53 -0.15 -1.36 -2.74 -1.11 -1.01 1.42 0.62 -0.55 -0.46 -0.43 -0.14 0.78 0 0.01 -1.09 1.34 1.5 0.79 0.8 0.34 0.41 0 2.57 0.36 -0.89 -0.92 0.36 0.4 1.19 0.93 0.25 1.23 0.6 -0.59 0.14
0 0 1.62 2.37 3.37 1.34 -0.16 0.4 -0.91 0.29 0.29 -0.78 1.14 1.18 1.98 -1.17 -1.21 0.94 -0.27 -0.13 -0.12 1.44 0 1.37 -0.14 -0.74 1.07 -0.56 0.28 0.56 0.86 0.53 1.48 1.17 -0.23 0.85 -0.48 -0.49 1.82 3.29 0.56 -1.34 2.39 1.27 -1.14 0.89 1.15 -2.03 2.17 0.7 2.48 -1.17 1.26 0.19 0.43 2.35 -0.74 0 0.77 1.55 3.04 0.82 -0.27 0.25 -1.18 0.84 2.58 3.6 0 0.2 1.54 -0.55 -0.06 -1.82 0.7 -0.44 0.85 -0.03 1.48 1.5 2.53 -0.15 -1.36 -2.74 -1.11 -1.01 1.42 0.62 -0.55 -0.46 -0.43 -0.14 0.78 0 0.01 -1.09 1.34 1.5 0.79 0.8 0.34 0.41 0 2.57 0.36 -0.89 -0.92 0.36 0.4 1.19 0.93 0.25 1.23 0.6 -0.59 0.14
0 0 1.62 2.37 3.37 1.34 -0.16 0.4 -0.91 0.29 0.29 -0.78 1.14 1.18 1.98 -1.17 -1.21 0.94 -0.27 -0.13 -0.12 1.44 0 1.37 -0.14 -0.74 1.07 -0.56 0.28 0.56 0.86 0.53 1.48 1.17 -0.23 0.85 -0.48 -0.49 1.82 3.29 0.56 -1.34 2.39 1.27 -1.14 0.89 1.15 -2.03 2.17 0.7 2.48 -1.17 1.26 0.19 0.43 2.35 -0.74 0 0.77 1.55 3.04 0.82 -0.27 0.25 -1.18 0.84 2.58 3.6 0 0.2 1.54 -0.55 -0.06 -1.82 0.7 -0.44 0.85 -0.03 1.48 1.5 2.53 -0.15 -1.36 -2.74 -1.11 -1.01 1.42 0.62 -0.55 -0.46 -0.43 -0.14 0.78 0 0.01 -1.09 1.34 1.5 0.79 0.8 0.34 0.41 0 2.57 0.36 -0.89 -0.92 0.36 0.4 1.19 0.93 0.25 1.23 0.6 -0.59 0.14
0 0 1.62 2.37 3.37 1.34 -0.16 0.4 -0.91 0.29 0.29 -0.78 1.14 1.18 1.98 -1.17 -1.21 0.94 -0.27 -0.13 -0.12 1.44 0 1.37 -0.14 -0.74 1.07 -0.56 0.28 0.56 0.86 0.53 1.48 1.17 -0.23 0.85 -0.48 -0.49 1.82 3.29 0.56 -1.34 2.39 1.27 -1.14 0.89 1.15 -2.03 2.17 0.7 2.48 -1.17 1.26 0.19 0.43 2.35 -0.74 0 0.77 1.55 3.04 0.82 -0.27 0.25 -1.18 0.84 2.58 3.6 0 0.2 1.54 -0.55 -0.06 -1.82 0.7 -0.44 0.85 -0.03 1.48 1.5 2.53 -0.15 -1.36 -2.74 -1.11 -1.01 1.42 0.62 -0.55 -0.46 -0.43 -0.14 0.78 0 0.01 -1.09 1.34 1.5 0.79 0.8 0.34 0.41 0 2.57 0.36 -0.89 -0.92 0.36 0.4 1.19 0.93 0.25 1.23 0.6 -0.59 0.14
0 0 1.62 2.37 3.37 1.34 -0.16 0.4 -0.91 0.29 0.29 -0.78 1.14 1.18 1.98 -1.17 -1.21 0.94 -0.27 -0.13 -0.12 1.44 0 1.37 -0.14 -0.74 1.07 -0.56 0.28 0.56 0.86 0.53 1.48 1.17 -0.23 0.85 -0.48 -0.49 1.82 3.29 0.56 -1.34 2.39 1.27 -1.14 0.89 1.15 -2.03 2.17 0.7 2.48 -1.17 1.26 0.19 0.43 2.35 -0.74 0 0.77 1.55 3.04 0.82 -0.27 0.25 -1.18 0.84 2.58 3.6 0 0.2 1.54 -0.55 -0.06 -1.82 0.7 -0.44 0.85 -0.03 1.48 1.5 2.53 -0.15 -1.36 -2.74 -1.11 -1.01 1.42 0.62 -0.55 -0.46 -0.43 -0.14 0.78 0 0.01 -1.09 1.34 1.5 0.79 0.8 0.34 0.41 0 2.57 0.36 -0.89 -0.92 0.36 0.4 1.19 0.93 0.25 1.23 0.6 -0.59 0.14
0 0 1.62 2.37 3.37 1.34 -0.16 0.4 -0.91 0.29 0.29 -0.78 1.14 1.18 1.98 -1.17 -1.21 0.94 -0.27 -0.13 -0.12 1.44 0 1.37 -0.14 -0.74 1.07 -0.56 0.28 0.56 0.86 0.53 1.48 1.17 -0.23 0.85 -0.48 -0.49 1.82 3.29 0.56 -1.34 2.39 1.27 -1.14 0.89 1.15 -2.03 2.17 0.7 2.48 -1.17 1.26 0.19 0.43 2.35 -0.74 0 0.77 1.55 3.04 0.82 -0.27 0.25 -1.18 0.84 2.58 3.6 0 0.2 1.54 -0.55 -0.06 -1.82 0.7 -0.44 0.85 -0.03 1.48 1.5 2.53 -0.15 -1.36 -2.74 -1.11 -1.01 1.42 0.62 -0.55 -0.46 -0.43 -0.14 0.78 0 0.01 -1.09 1.34 1.5 0.79 0.8 0.34 0.41 0 2.57 0.36 -0.89 -0.92 0.36 0.4 1.19 0.93 0.25 1.23 0.6 -0.59 0.14
0 0 1.62 2.37 3.37 1.34 -0.16 0.4 -0.91 0.29 0.29 -0.78 1.14 1.18 1.98 -1.17 -1.21 0.94 -0.27 -0.13 -0.12 1.44 0 1.37 -0.14 -0.74 1.07 -0.56 0.28 0.56 0.86 0.53 1.48 1.17 -0.23 0.85 -0.48 -0.49 1.82 3.29 0.56 -1.34 2.39 1.27 -1.14 0.89 1.15 -2.03 2.17 0.7 2.48 -1.17 1.26 0.19 0.43 2.35 -0.74 0 0.77 1.55 3.04 0.82 -0.27 0.25 -1.18 0.84 2.58 3.6 0 0.2 1.54 -0.55 -0.06 -1.82 0.7 -0.44 0.85 -0.03 1.48 1.5 2.53 -0.15 -1.36 -2.74 -1.11 -1.01 1.42 0.62 -0.55 -0.46 -0.43 -0.14 0.78 0 0.01 -1.09 1.34 1.5 0.79 0.8 0.34 0.41 0 2.57 0.36 -0.89 -0.92 0.36 0.4 1.19 0.93 0.25 1.23 0.6 -0.59 0.14
0 0 1.62 2.37 3.37 1.34 -0.16 0.4 -0.91 0.29 0.29 -0.78 1.14 1.18 1.98 -1.17 -1.21 0.94 -0.27 -0.13 -0.12 1.44 0 1.37 -0.14 -0.74 1.07 -0.56 0.28 0.56 0.86 0.53 1.48 1.17 -0.23 0.85 -0.48 -0.49 1.82 3.29 0.56 -1.34 2.39 1.27 -1.14 0.89 1.15 -2.03 2.17 0.7 2.48 -1.17 1.26 0.19 0.43 2.35 -0.74 0 0.77 1.55 3.04 0.82 -0.27 0.25 -1.18 0.84 2.58 3.6 0 0.2 1.54 -0.55 -0.06 -1.82 0.7 -0.44 0.85 -0.03 1.48 1.5 2.53 -0.15 -1.36 -2.74 -1.11 -1.01 1.42 0.62 -0.55 -0.46 -0.43 -0.14 0.78 0 0.01 -1.09 1.34 1.5 0.79 0.8 0.34 0.41 0 2.57 0.36 -0.89 -0.92 0.36 0.4 1.19 0.93 0.25 1.23 0.6 -0.59 0.14
0 0 1.62 2.37 3.37 1.34 -0.16 0.4 -0.91 0.29 0.29 -0.78 1.14 1.18 1.98 -1.17 -1.21 0.94 -0.27 -0.13 -0.12 1.44 0 1.37 -0.14 -0.74 1.07 -0.56 0.28 0.56 0.86 0.53 1.48 1.17 -0.23 0.85 -0.48 -0.49 1.82 3.29 0.56 -1.34 2.39 1.27 -1.14 0.89 1.15 -2.03 2.17 0.7 2.48 -1.17 1.26 0.19 0.43 2.35 -0.74 0 0.77 1.55 3.04 0.82 -0.27 0.25 -1.18 0.84 2.58 3.6 0 0.2 1.54 -0.55 -0.06 -1.82 0.7 -0.44 0.85 -0.03 1.48 1.5 2.53 -0.15 -1.36 -2.74 -1.11 -1.01 1.42 0.62 -0.55 -0.46 -0.43 -0.14 0.78 0 0.01 -1.09 1.34 1.5 0.79 0.8 0.34 0.41 0 2.57 0.36 -0.89 -0.92 0.36 0.4 1.19 0.93 0.25 1.23 0.6 -0.59 0.14
0 0 1.62 2.37 3.37 1.34 -0.16 0.4 -0.91 0.29 0.29 -0.78 1.14 1.18 1.98 -1.17 -1.21 0.94 -0.27 -0.13 -0.12 1.44 0 1.37 -0.14 -0.74 1.07 -0.56 0.28 0.56 0.86 0.53 1.48 1.17 -0.23 0.85 -0.48 -0.49 1.82 3.29 0.56 -1.34 2.39 1.27 -1.14 0.89 1.15 -2.03 2.17 0.7 2.48 -1.17 1.26 0.19 0.43 2.35 -0.74 0 0.77 1.55 3.04 0.82 -0.27 0.25 -1.18 0.84 2.58 3.6 0 0.2 1.54 -0.55 -0.06 -1.82 0.7 -0.44 0.85 -0.03 1.48 1.5 2.53 -0.15 -1.36 -2.74 -1.11 -1.01 1.42 0.62 -0.55 -0.46 -0.43 -0.14 0.78 0 0.01 -1.09 1.34 1.5 0.79 0.8 0.34 0.41 0 2.57 0.36 -0.89 -0.92 0.36 0.4 1.19 0.93 0.25 1.23 0.6 -0.59 0.14
0 0 1.62 2.37 3.37 1.34 -0.16 0.4 -0.91 0.29 0.29 -0.78 1.14 1.18 1.98 -1.17 -1.21 0.94 -0.27 -0.13 -0.12 1.44 0 1.37 -0.14 -0.74 1.07 -0.56 0.28 0.56 0.86 0.53 1.48 1.17 -0.23 0.85 -0.48 -0.49 1.82 3.29 0.56 -1.34 2.39 1.27 -1.14 0.89 1.15 -2.03 2.17 0.7 2.48 -1.17 1.26 0.19 0.43 2.35 -0.74 0 0.77 1.55 3.04 0.82 -0.27 0.25 -1.18 0.84 2.58 3.6 0 0.2 1.54 -0.55 -0.06 -1.82 0.7 -0.44 0.85 -0.03 1.48 1.5 2.53 -0.15 -1.36 -2.74 -1.11 -1.01 1.42 0.62 -0.55 -0.46 -0.43 -0.14 0.78 0 0.01 -1.09 1.34 1.5 0.79 0.8 0.34 0.41 0 2.57 0.36 -0.89 -0.92 0.36 0.4 1.19 0.93 0.25 1.23 0.6 -0.59 0.14
0 0 1.62 2.37 3.37 1.34 -0.16 0.4 -0.91 0.29 0.29 -0.78 1.14 1.18 1.98 -1.17 -1.21 0.94 -0.27 -0.13 -0.12 1.44 0 1.37 -0.14 -0.74 1.07 -0.56 0.28 0.56 0.86 0.53 1.48 1.17 -0.23 0.85 -0.48 -0.49 1.82 3.29 0.56 -1.34 2.39 1.27 -1.14 0.89 1.15 -2.03 2.17 0.7 2.48 -1.17 1.26 0.19 0.43 2.35 -0.74 0 0.77 1.55 3.04 0.82 -0.27 0.25 -1.18 0.84 2.58 3.6 0 0.2 1.54 -0.55 -0.06 -1.82 0.7 -0.44 0.85 -0.03 1.48 1.5 2.53 -0.15 -1.36 -2.74 -1.11 -1.01 1.42 0.62 -0.55 -0.46 -0.43 -0.14 0.78 0 0.01 -1.09 1.34 1.5 0.79 0.8 0.34 0.41 0 2.57 0.36 -0.89 -0.92 0.36 0.4 1.19 0.93 0.25 1.23 0.6 -0.59 0.14
0 0 1.62 2.37 3.37 1.34 -0.16 0.4 -0.91 0.29 0.29 -0.78 1.14 1.18 1.98 -1.17 -1.21 0.94 -0.27 -0.13 -0.12 1.44 0 1.37 -0.14 -0.74 1.07 -0.56 0.28 0.56 0.86 0.53 1.48 1.17 -0.23 0.85 -0.48 -0.49 1.82 3.29 0.56 -1.34 2.39 1.27 -1.14 0.89 1.15 -2.03 2.17 0.7 2.48 -1.17 1.26 0.19 0.43 2.35 -0.74 0 0.77 1.55 3.04 0.82 -0.27 0.25 -1.18 0.84 2.58 3.6 0 0.2 1.54 -0.55 -0.06 -1.82 0.7 -0.44 0.85 -0.03 1.48 1.5 2.53 -0.15 -1.36 -2.74 -1.11 -1.01 1.42 0.62 -0.55 -0.46 -0.43 -0.14 0.78 0 0.01 -1.09 1.34 1.5 0.79 0.8 0.34 0.41 0 2.57 0.36 -0.89 -0.92 0.36 0.4 1.19 0.93 0.25 1.23 0.6 -0.59 0.14
0 0 1.62 2.37 3.37 1.34 -0.16 0.4 -0.91 0.29 0.29 -0.78 1.14 1.18 1.98 -1.17 -1.21 0.94 -0.27 -0.13 -0.12 1.44 0 1.37 -0.14 -0.74 1.07 -0.56 0.28 0.56 0.86 0.53 1.48 1.17 -0.23 0.85 -0.48 -0.49 1.82 3.29 0.56 -1.34 2.39 1.27 -1.14 0.89 1.15 -2.03 2.17 0.7 2.48 -1.17 1.26 0.19 0.43 2.35 -0.74 0 0.77 1.55 3.04 0.82 -0.27 0.25 -1.18 0.84 2.58 3.6 0 0.2 1.54 -0.55 -0.06 -1.82 0.7 -0.44 0.85 -0.03 1.48 1.5 2.53 -0.15 -1.36 -2.74 -1.11 -1.01 1.42 0.62 -0.55 -0.46 -0.43 -0.14 0.78 0 0.01 -1.09 1.34 1.5 0.79 0.8 0.34 0.41 0 2.57 0.36 -0.89 -0.92 0.36 0.4 1.19 0.93 0.25 1.23 0.6 -0.59 0.14
0 0 1.62 2.37 3.37 1.34 -0.16 0.4 -0.91 0.29 0.29 -0.78 1.14 1.18 1.98 -1.17 -1.21 0.94 -0.27 -0.13 -0.12 1.44 0 1.37 -0.14 -0.74 1.07 -0.56 0.28 0.56 0.86 0.53 1.48 1.17 -0.23 0.85 -0.48 -0.49 1.82 3.29 0.56 -1.34 2.39 1.27 -1.14 0.89 1.15 -2.03 2.17 0.7 2.48 -1.17 1.26 0.19 0.43 2.35 -0.74 0 0.77 1.55 3.04 0.82 -0.27 0.25 -1.18 0.84 2.58 3.6 0 0.2 1.54 -0.55 -0.06 -1.82 0.7 -0.44 0.85 -0.03 1.48 1.5 2.53 -0.15 -1.36 -2.74 -1.11 -1.01 1.42 0.62 -0.55 -0.46 -0.43 -0.14 0.78 0 0.01 -1.09 1.34 1.5 0.79 0.8 0.34 0.41 0 2.57 0.36 -0.89 -0.92 0.36 0.4 1.19 0.93 0.25 1.23 0.6 -0.59 0.14
0 0 1.62 2.37 3.37 1.34 -0.16 0.4 -0.91 0.29 0.29 -0.78 1.14 1.18 1.98 -1.17 -1.21 0.94 -0.27 -0.13 -0.12 1.44 0 1.37 -0.14 -0.74 1.07 -0.56 0.28 0.56 0.86 0.53 1.48 1.17 -0.23 0.85 -0.48 -0.49 1.82 3.29 0.56 -1.34 2.39 1.27 -1.14 0.89 1.15 -2.03 2.17 0.7 2.48 -1.17 1.26 0.19 0.43 2.35 -0.74 0 0.77 1.55 3.04 0.82 -0.27 0.25 -1.18 0.84 2.58 3.6 0 0.2 1.54 -0.55 -0.06 -1.82 0.7 -0.44 0.85 -0.03 1.48 1.5 2.53 -0.15 -1.36 -2.74 -1.11 -1.01 1.42 0.62 -0.55 -0.46 -0.43 -0.14 0.78 0 0.01 -1.09 1.34 1.5 0.79 0.8 0.34 0.41 0 2.57 0.36 -0.89 -0.92 0.36 0.4 1.19 0.93 0.25 1.23 0.6 -0.59 0.14
0 0 1.62 2.37 3.37 1.34 -0.16 0.4 -0.91 0.29 0.29 -0.78 1.14 1.18 1.98 -1.17 -1.21 0.94 -0.27 -0.13 -0.12 1.44 0 1.37 -0.14 -0.74 1.07 -0.56 0.28 0.56 0.86 0.53 1.48 1.17 -0.23 0.85 -0.48 -0.49 1.82 3.29 0.56 -1.34 2.39 1.27 -1.14 0.89 1.15 -2.03 2.17 0.7 2.48 -1.17 1.26 0.19 0.43 2.35 -0.74 0 0.77 1.55 3.04 0.82 -0.27 0.25 -1.18 0.84 2.58 3.6 0 0.2 1.54 -0.55 -0.06 -1.82 0.7 -0.44 0.85 -0.03 1.48 1.5 2.53 -0.15 -1.36 -2.74 -1.11 -1.01 1.42 0.62 -0.55 -0.46 -0.43 -0.14 0.78 0 0.01 -1.09 1.34 1.5 0.79 0.8 0.34 0.41 0 2.57 0.36 -0.89 -0.92 0.36 0.4 1.19 0.93 0.25 1.23 0.6 -0.59 0.14
0 0 1.62 2.37 3.37 1.34 -0.16 0.4 -0.91 0.29 0.29 -0.78 1.14 1.18 1.98 -1.17 -1.21 0.94 -0.27 -0.13 -0.12 1.44 0 1.37 -0.14 -0.74 1.07 -0.56 0.28 0.56 0.86 0.53 1.48 1.17 -0.23 0.85 -0.48 -0.49 1.82 3.29 0.56 -1.34 2.39 1.27 -1.14 0.89 1.15 -2.03 2.17 0.7 2.48 -1.17 1.26 0.19 0.43 2.35 -0.74 0 0.77 1.55 3.04 0.82 -0.27 0.25 -1.18 0.84 2.58 3.6 0 0.2 1.54 -0.55 -0.06 -1.82 0.7 -0.44 0.85 -0.03 1.48 1.5 2.53 -0.15 -1.36 -2.74 -1.11 -1.01 1.42 0.62 -0.55 -0.46 -0.43 -0.14 0.78 0 0.01 -1.09 1.34 1.5 0.79 0.8 0.34 0.41 0 2.57 0.36 -0.89 -0.92 0.36 0.4 1.19 0.93 0.25 1.23 0.6 -0.59 0.14
0 0 1.62 2.37 3.37 1.34 -0.16 0.4 -0.91 0.29 0.29 -0.78 1.14 1.18 1.98 -1.17 -1.21 0.94 -0.27 -0.13 -0.12 1.44 0 1.37 -0.14 -0.74 1.07 -0.56 0.28 0.56 0.86 0.53 1.48 1.17 -0.23 0.85 -0.48 -0.49 1.82 3.29 0.56 -1.34 2.39 1.27 -1.14 0.89 1.15 -2.03 2.17 0.7 2.48 -1.17 1.26 0.19 0.43 2.35 -0.74 0 0.77 1.55 3.04 0.82 -0.27 0.25 -1.18 0.84 2.58 3.6 0 0.2 1.54 -0.55 -0.06 -1.82 0.7 -0.44 0.85 -0.03 1.48 1.5 2.53 -0.15 -1.36 -2.74 -1.11 -1.01 1.42 0.62 -0.55 -0.46 -0.43 -0.14 0.78 0 0.01 -1.09 1.34 1.5 0.79 0.8 0.34 0.41 0 2.57 0.36 -0.89 -0.92 0.36 0.4 1.19 0.93 0.25 1.23 0.6 -0.59 0.14
0 0 1.62 2.37 3.37 1.34 -0.16 0.4 -0.91 0.29 0.29 -0.78 1.14 1.18 1.98 -1.17 -1.21 0.94 -0.27 -0.13 -0.12 1.44 0 1.37 -0.14 -0.74 1.07 -0.56 0.28 0.56 0.86 0.53 1.48 1.17 -0.23 0.85 -0.48 -0.49 1.82 3.29 0.56 -1.34 2.39 1.27 -1.14 0.89 1.15 -2.03 2.17 0.7 2.48 -1.17 1.26 0.19 0.43 2.35 -0.74 0 0.77 1.55 3.04 0.82 -0.27 0.25 -1.18 0.84 2.58 3.6 0 0.2 1.54 -0.55 -0.06 -1.82 0.7 -0.44 0.85 -0.03 1.48 1.5 2.53 -0.15 -1.36 -2.74 -1.11 -1.01 1.42 0.62 -0.55 -0.46 -0.43 -0.14 0.78 0 0.01 -1.09 1.34 1.5 0.79 0.8 0.34 0.41 0 2.57 0.36 -0.89 -0.92 0.36 0.4 1.19 0.93 0.25 1.23 0.6 -0.59 0.14
0 0 1.62 2.37 3.37 1.34 -0.16 0.4 -0.91 0.29 0.29 -0.78 1.14 1.18 1.98 -1.17 -1.21 0.94 -0.27 -0.13 -0.12 1.44 0 1.37 -0.14 -0.74 1.07 -0.56 0.28 0.56 0.86 0.53 1.48 1.17 -0.23 0.85 -0.48 -0.49 1.82 3.29 0.56 -1.34 2.39 1.27 -1.14 0.89 1.15 -2.03 2.17 0.7 2.48 -1.17 1.26 0.19 0.43 2.35 -0.74 0 0.77 1.55 3.04 0.82 -0.27 0.25 -1.18 0.84 2.58 3.6 0 0.2 1.54 -0.55 -0.06 -1.82 0.7 -0.44 0.85 -0.03 1.48 1.5 2.53 -0.15 -1.36 -2.74 -1.11 -1.01 1.42 0.62 -0.55 -0.46 -0.43 -0.14 0.78 0 0.01 -1.09 1.34 1.5 0.79 0.8 0.34 0.41 0 2.57 0.36 -0.89 -0.92 0.36 0.4 1.19 0.93 0.25 1.23 0.6 -0.59 0.14
0 0 1.62 2.37 3.37 1.34 -0.16 0.4 -0.91 0.29 0.29 -0.78 1.14 1.18 1.98 -1.17 -1.21 0.94 -0.27 -0.13 -0.12 1.44 0 1.37 -0.14 -0.74 1.07 -0.56 0.28 0.56 0.86 0.53 1.48 1.17 -0.23 0.85 -0.48 -0.49 1.82 3.29 0.56 -1.34 2.39 1.27 -1.14 0.89 1.15 -2.03 2.17 0.7 2.48 -1.17 1.26 0.19 0.43 2.35 -0.74 0 0.77 1.55 3.04 0.82 -0.27 0.25 -1.18 0.84 2.58 3.6 0 0.2 1.54 -0.55 -0.06 -1.82 0.7 -0.44 0.85 -0.03 1.48 1.5 2.53 -0.15 -1.36 -2.74 -1.11 -1.01 1.42 0.62 -0.55 -0.46 -0.43 -0.14 0.78 0 0.01 -1.09 1.34 1.5 0.79 0.8 0.34 0.41 0 2.57 0.36 -0.89 -0.92 0.36 0.4 1.19 0.93 0.25 1.23 0.6 -0.59 0.14
0 0 1.62 2.37 3.37 1.34 -0.16 0.4 -0.91 0.29 0.29 -0.78 1.14 1.18 1.98 -1.17 -1.21 0.94 -0.27 -0.13 -0.12 1.44 0 1.37 -0.14 -0.74 1.07 -0.56 0.28 0.56 0.86 0.53 1.48 1.17 -0.23 0.85 -0.48 -0.49 1.82 3.29 0.56 -1.34 2.39 1.27 -1.14 0.89 1.15 -2.03 2.17 0.7 2.48 -1.17 1.26 0.19 0.43 2.35 -0.74 0 0.77 1.55 3.04 0.82 -0.27 0.25 -1.18 0.84 2.58 3.6 0 0.2 1.54 -0.55 -0.06 -1.82 0.7 -0.44 0.85 -0.03 1.48 1.5 2.53 -0.15 -1.36 -2.74 -1.11 -1.01 1.42 0.62 -0.55 -0.46 -0.43 -0.14 0.78 0 0.01 -1.09 1.34 1.5 0.79 0.8 0.34 0.41 0 2.57 0.36 -0.89 -0.92 0.36 0.4 1.19 0.93 0.25 1.23 0.6 -0.59 0.14
0 0 1.62 2.37 3.37 1.34 -0.16 0.4 -0.91 0.29 0.29 -0.78 1.14 1.18 1.98 -1.17 -1.21 0.94 -0.27 -0.13 -0.12 1.44 0 1.37 -0.14 -0.74 1.07 -0.56 0.28 0.56 0.86 0.53 1.48 1.17 -0.23 0.85 -0.48 -0.49 1.82 3.29 0.56 -1.34 2.39 1.27 -1.14 0.89 1.15 -2.03 2.17 0.7 2.48 -1.17 1.26 0.19 0.43 2.35 -0.74 0 0.77 1.55 3.04 0.82 -0.27 0.25 -1.18 0.84 2.58 3.6 0 0.2 1.54 -0.55 -0.06 -1.82 0.7 -0.44 0.85 -0.03 1.48 1.5 2.53 -0.15 -1.36 -2.74 -1.11 -1.01 1.42 0.62 -0.55 -0.46 -0.43 -0.14 0.78 0 0.01 -1.09 1.34 1.5 0.79 0.8 0.34 0.41 0 2.57 0.36 -0.89 -0.92 0.36 0.4 1.19 0.93 0.25 1.23 0.6 -0.59 0.14
0 0 1.62 2.37 3.37 1.34 -0.16 0.4 -0.91 0.29 0.29 -0.78 1.14 1.18 1.98 -1.17 -1.21 0.94 -0.27 -0.13 -0.12 1.44 0 1.37 -0.14 -0.74 1.07 -0.56 0.28 0.56 0.86 0.53 1.48 1.17 -0.23 0.85 -0.48 -0.49 1.82 3.29 0.56 -1.34 2.39 1.27 -1.14 0.89 1.15 -2.03 2.17 0.7 2.48 -1.17 1.26 0.19 0.43 2.35 -0.74 0 0.77 1.55 3.04 0.82 -0.27 0.25 -1.18 0.84 2.58 3.6 0 0.2 1.54 -0.55 -0.06 -1.82 0.7 -0.44 0.85 -0.03 1.48 1.5 2.53 -0.15 -1.36 -2.74 -1.11 -1.01 1.42 0.62 -0.55 -0.46 -0.43 -0.14 0.78 0 0.01 -1.09 1.34 1.5 0.79 0.8 0.34 0.41 0 2.57 0.36 -0.89 -0.92 0.36 0.4 1.19 0.93 0.25 1.23 0.6 -0.59 0.14
0 0 1.62 2.37 3.37 1.34 -0.16 0.4 -0.91 0.29 0.29 -0.78 1.14 1.18 1.98 -1.17 -1.21 0.94 -0.27 -0.13 -0.12 1.44 0 1.37 -0.14 -0.74 1.07 -0.56 0.28 0.56 0.86 0.53 1.48 1.17 -0.23 0.85 -0.48 -0.49 1.82 3.29 0.56 -1.34 2.39 1.27 -1.14 0.89 1.15 -2.03 2.17 0.7 2.48 -1.17 1.26 0.19 0.43 2.35 -0.74 0 0.77 1.55 3.04 0.82 -0.27 0.25 -1.18 0.84 2.58 3.6 0 0.2 1.54 -0.55 -0.06 -1.82 0.7 -0.44 0.85 -0.03 1.48 1.5 2.53 -0.15 -1.36 -2.74 -1.11 -1.01 1.42 0.62 -0.55 -0.46 -0.43 -0.14 0.78 0 0.01 -1.09 1.34 1.5 0.79 0.8 0.34 0.41 0 2.57 0.36 -0.89 -0.92 0.36 0.4 1.19 0.93 0.25 1.23 0.6 -0.59 0.14
0 0 1.62 2.37 3.37 1.34 -0.16 0.4 -0.91 0.29 0.29 -0.78 1.14 1.18 1.98 -1.17 -1.21 0.94 -0.27 -0.13 -0.12 1.44 0 1.37 -0.14 -0.74 1.07 -0.56 0.28 0.56 0.86 0.53 1.48 1.17 -0.23 0.85 -0.48 -0.49 1.82 3.29 0.56 -1.34 2.39 1.27 -1.14 0.89 1.15 -2.03 2.17 0.7 2.48 -1.17 1.26 0.19 0.43 2.35 -0.74 0 0.77 1.55 3.04 0.82 -0.27 0.25 -1.18 0.84 2.58 3.6 0 0.2 1.54 -0.55 -0.06 -1.82 0.7 -0.44 0.85 -0.03 1.48 1.5 2.53 -0.15 -1.36 -2.74 -1.11 -1.01 1.42 0.62 -0.55 -0.46 -0.43 -0.14 0.78 0 0.01 -1.09 1.34 1.5 0.79 0.8 0.34 0.41 0 2.57 0.36 -0.89 -0.92 0.36 0.4 1.19 0.93 0.25 1.23 0.6 -0.59 0.14
0 0 1.62 2.37 3.37 1.34 -0.16 0.4 -0.91 0.29 0.29 -0.78 1.14 1.18 1.98 -1.17 -1.21 0.94 -0.27 -0.13 -0.12 1.44 0 1.37 -0.14 -0.74 1.07 -0.56 0.28 0.56 0.86 0.53 1.48 1.17 -0.23 0.85 -0.48 -0.49 1.82 3.29 0.56 -1.34 2.39 1.27 -1.14 0.89 1.15 -2.03 2.17 0.7 2.48 -1.17 1.26 0.19 0.43 2.35 -0.74 0 0.77 1.55 3.04 0.82 -0.27 0.25 -1.18 0.84 2.58 3.6 0 0.2 1.54 -0.55 -0.06 -1.82 0.7 -0.44 0.85 -0.03 1.48 1.5 2.53 -0.15 -1.36 -2.74 -1.11 -1.01 1.42 0.62 -0.55 -0.46 -0.43 -0.14 0.78 0 0.01 -1.09 1.34 1.5 0.79 0.8 0.34 0.41 0 2.57 0.36 -0.89 -0.92 0.36 0.4 1.19 0.93 0.25 1.23 0.6 -0.59 0.14
0 0 1.62 2.37 3.37 1.34 -0.16 0.4 -0.91 0.29 0.29 -0.78 1.14 1.18 1.98 -1.17 -1.21 0.94 -0.27 -0.13 -0.12 1.44 0 1.37 -0.14 -0.74 1.07 -0.56 0.28 0.56 0.86 0.53 1.48 1.17 -0.23 0.85 -0.48 -0.49 1.82 3.29 0.56 -1.34 2.39 1.27 -1.14 0.89 1.15 -2.03 2.17 0.7 2.48 -1.17 1.26 0.19 0.43 2.35 -0.74 0 0.77 1.55 3.04 0.82 -0.27 0.25 -1.18 0.84 2.58 3.6 0 0.2 1.54 -0.55 -0.06 -1.82 0.7 -0.44 0.85 -0.03 1.48 1.5 2.53 -0.15 -1.36 -2.74 -1.11 -1.01 1.42 0.62 -0.55 -0.46 -0.43 -0.14 0.78 0 0.01 -1.09 1.34 1.5 0.79 0.8 0.34 0.41 0 2.57 0.36 -0.89 -0.92 0.36 0.4 1.19 0.93 0.25 1.23 0.6 -0.59 0.14
0 0 1.62 2.37 3.37 1.34 -0.16 0.4 -0.91 0.29 0.29 -0.78 1.14 1.18 1.98 -1.17 -1.21 0.94 -0.27 -0.13 -0.12 1.44 0 1.37 -0.14 -0.74 1.07 -0.56 0.28 0.56 0.86 0.53 1.48 1.17 -0.23 0.85 -0.48 -0.49 1.82 3.29 0.56 -1.34 2.39 1.27 -1.14 0.89 1.15 -2.03 2.17 0.7 2.48 -1.17 1.26 0.19 0.43 2.35 -0.74 0 0.77 1.55 3.04 0.82 -0.27 0.25 -1.18 0.84 2.58 3.6 0 0.2 1.54 -0.55 -0.06 -1.82 0.7 -0.44 0.85 -0.03 1.48 1.5 2.53 -0.15 -1.36 -2.74 -1.11 -1.01 1.42 0.62 -0.55 -0.46 -0.43 -0.14 0.78 0 0.01 -1.09 1.34 1.5 0.79 0.8 0.34 0.41 0 2.57 0.36 -0.89 -0.92 0.36 0.4 1.19 0.93 0.25 1.23 0.6 -0.59 0.14
