1 4 2 1 2 2 3 14
2 4 3 2 4 2 5 20
3 4 5 5 1 3 2 20
4 3 3 4 5 3 5 23
5 5 2 4 5 5 5 26
6 2 2 3 4 2 2 15
7 2 3 2 1 1 2 11
8 2 3 3 4 3 2 17
9 4 4 4 2 5 2 21
10 4 4 1 3 2 3 17
11 1 3 1 3 2 3 13
12 3 2 2 3 4 4 18
13 1 2 2 3 2 3 13
14 2 4 1 3 4 4 18
15 1 2 2 4 1 1 11
16 2 3 1 5 3 5 19
17 3 5 5 2 5 4 24
18 2 3 2 3 2 3 15
19 3 5 4 2 2 1 17
20 1 3 2 1 2 2 11
21 3 1 4 1 2 2 13
22 4 3 3 1 4 4 19
23 3 1 3 1 2 4 14
24 1 4 2 5 2 4 18
25 3 4 3 1 1 2 14
26 5 3 1 2 2 2 15
27 2 3 2 3 2 4 16
28 2 2 2 5 2 5 18
29 3 3 5 4 2 2 19
30 4 4 5 3 4 3 23
31 3 3 5 2 3 3 19
32 3 4 4 5 3 5 24
33 3 3 4 3 3 3 19
34 4 4 5 4 3 2 22
35 4 3 5 5 1 5 23
36 3 5 4 3 2 2 19
37 2 3 2 3 2 3 15
38 5 5 5 5 3 5 28
39 5 5 4 2 3 4 23
40 1 3 3 1 2 4 14
41 1 2 3 3 1 3 13
42 3 5 4 1 3 4 20
43 3 3 5 2 2 2 17
44 4 2 5 4 2 3 20
45 3 3 4 3 3 4 20
46 1 3 3 1 2 2 12
47 3 3 3 3 2 3 17
48 1 3 4 1 2 2 13
49 1 3 3 1 2 2 12
50 3 3 2 3 3 3 17
51 2 3 4 5 3 5 22
52 1 3 1 4 3 3 15
53 4 3 5 4 3 2 21
54 4 2 3 5 2 5 21
55 5 5 4 5 5 5 29
56 3 5 4 3 2 3 20
57 3 4 4 3 1 3 18
58 4 4 3 5 3 5 24
59 2 3 2 5 3 2 17
60 4 5 4 2 3 4 22
61 3 3 3 3 2 4 18
62 3 3 1 3 1 3 14
63 4 5 5 5 2 2 23
64 1 3 1 1 2 4 12
65 3 1 3 1 2 4 14
66 4 3 4 1 2 2 16
67 4 3 4 5 3 3 22
68 4 3 4 2 4 3 20
69 1 3 1 5 1 5 16
70 2 3 1 5 3 4 18
71 3 3 3 2 3 4 18
72 4 4 5 1 2 3 19
73 4 4 4 2 2 4 20
74 4 2 4 2 2 4 18
75 1 3 4 2 2 2 14
76 3 3 3 3 2 3 17
77 1 3 3 3 2 3 15
78 5 3 5 2 2 4 21
79 3 5 5 1 2 2 18
80 1 3 3 2 3 4 16
81 3 3 5 1 3 3 18
82 1 3 4 2 3 2 15
83 2 5 3 3 2 4 19
84 3 4 4 3 2 3 19
85 1 3 2 4 2 3 15
86 3 3 3 3 2 3 17
87 2 3 2 3 2 3 15
88 4 5 4 5 1 5 24
89 2 4 1 4 1 3 15
90 3 4 4 5 2 5 23
91 1 3 2 3 2 3 14
92 3 5 4 2 4 4 22
93 3 5 4 5 4 3 24
94 2 2 4 5 3 5 21
95 1 3 5 4 3 2 18
96 2 3 4 3 3 3 18
97 4 5 4 4 4 4 25
98 3 3 4 4 3 3 20
99 1 3 5 1 1 1 12
100 2 5 1 5 2 5 20
101 1 4 4 3 3 2 17
102 3 5 3 1 3 4 19
103 1 1 3 3 2 4 14
104 2 3 4 4 2 5 20
105 1 4 4 1 2 1 13
106 2 3 5 1 4 4 19
107 2 3 2 3 3 5 18
108 4 4 4 3 5 4 24
109 1 1 3 2 3 2 12
110 3 3 3 5 3 5 22
111 3 4 4 3 2 4 20
112 3 3 4 1 2 2 15
113 1 3 4 2 2 4 16
114 2 3 1 3 1 3 13
115 1 5 2 1 3 3 15
