1     [117 108 52]
2     [110 117 63]
3     [72 86 89]
4     [114 106 100]
5     [62 63 131]
6     [52 95 96]
7     [81 52 82]
8     [52 82 100]
9     [129 52 91]
10     [117 125 100]
11     [78 101 88]
12     [52 99 89]
13     [95 94 101]
14     [88 84 100]
15     [52 94 133]
16     [110 100 117]
17     [89 78 129]
18     [88 83 134]
19     [96 82 89]
20     [79 52 86]
21     [89 52 102]
22     [86 83 100]
23     [84 76 89]
24     [86 83 93]
25     [62 63 131]
26     [62 63 131]
27     [129 83 100]
28     [129 83 100]
29     [129 83 100]
30     [62 63 131]
31     [129 83 100]
32     [62 63 131]
33     [129 83 100]
34     [129 83 100]
35     [129 83 100]
36     [129 83 100]
37     [62 63 131]
38     [129 83 100]
39     [129 83 100]
40     [129 83 100]
41     [62 63 131]
42     [129 83 100]
43     [129 83 100]
44     [129 83 100]
45     [129 83 100]
46     [62 63 131]
47     [129 83 100]
48     [129 83 100]
49     [52 81 82]
50     [103 138 129]
51     [124 106 100]
52     [129 83 100]
53     [129 83 100]
54     [129 83 100]
55     [62 63 131]
56     [129 83 100]
57     [52 82 100]
58     [129 83 100]
59     [129 83 100]
60     [129 83 100]
61     [129 83 100]
62     [129 83 100]
63     [129 83 100]
64     [52 82 100]
65     [129 83 100]
66     [129 83 100]
67     [129 83 100]
68     [62 63 131]
69     [129 83 100]
70     [129 83 100]
71     [129 83 100]
72     [129 83 100]
73     [62 63 131]
74     [129 83 100]
75     [129 83 100]
76     [129 83 100]
77     [129 83 100]
78     [129 83 100]
79     [52 82 100]
80     [129 83 100]
81     [129 83 100]
82     [129 83 100]
83     [129 83 100]
84     [129 83 100]
85     [129 83 100]
86     [62 63 131]
87     [129 83 100]
88     [129 83 100]
89     [129 83 100]
90     [52 82 100]
91     [129 83 100]
92     [129 83 100]
93     [52 82 100]
94     [129 83 100]
95     [129 83 100]
96     [129 83 100]
97     [129 83 100]
98     [62 63 131]
99     [129 83 100]
100     [129 83 100]
101     [52 82 100]
102     [129 83 100]
103     [62 63 131]
104     [129 83 100]
105     [52 82 100]
106     [129 83 100]
107     [52 82 100]
108     [129 83 100]
109     [52 82 100]
110     [129 83 100]
111     [62 63 131]
112     [129 83 100]
113     [52 82 100]
114     [62 63 131]
115     [129 83 100]
